slow marker
50
0.00753878, -0.650007, -0.0100321, 1.80001, 0.00109719, 0.419987, -0.00707475, -0.00349799, -0.319059, 1.69357, -3.41351e-06, -2.22057, 2.22231;
0.0150894, -0.650041, -0.0200742, 1.79993, 0.00219747, 0.420041, -0.0141564, -0.00699832, -0.319059, 1.69357, -3.31071e-06, -2.22057, 2.22231;
0.0226381, -0.650098, -0.0301134, 1.79979, 0.00329672, 0.420131, -0.0212358, -0.0104984, -0.319059, 1.69357, -3.25656e-06, -2.22057, 2.22231;
0.0301851, -0.650178, -0.0401496, 1.79959, 0.00439454, 0.420257, -0.0283123, -0.0139984, -0.319059, 1.69357, -3.20111e-06, -2.22057, 2.22231;
0.0377299, -0.65028, -0.0501819, 1.79934, 0.00549037, 0.420419, -0.0353851, -0.0174985, -0.319059, 1.69357, -3.14582e-06, -2.22057, 2.22231;
0.0452718, -0.650406, -0.0602093, 1.79903, 0.00658368, 0.420617, -0.0424532, -0.0209986, -0.319059, 1.69357, -3.09081e-06, -2.22057, 2.22231;
0.0528105, -0.650554, -0.0702309, 1.79867, 0.00767393, 0.420851, -0.0495157, -0.0244986, -0.319059, 1.69357, -3.03597e-06, -2.22057, 2.22231;
0.0603453, -0.650724, -0.0802456, 1.79825, 0.00876056, 0.421121, -0.0565715, -0.0279987, -0.319059, 1.69357, -2.98154e-06, -2.22057, 2.22231;
0.0678757, -0.650917, -0.0902525, 1.79778, 0.00984306, 0.421427, -0.0636197, -0.0314987, -0.319059, 1.69357, -2.92738e-06, -2.22057, 2.22231;
0.0754013, -0.651133, -0.100251, 1.79725, 0.0109209, 0.421768, -0.0706594, -0.0349988, -0.319059, 1.69357, -2.87383e-06, -2.22057, 2.22231;
0.0829216, -0.651371, -0.110239, 1.79666, 0.0119935, 0.422145, -0.0776896, -0.0384989, -0.319059, 1.69357, -2.82067e-06, -2.22057, 2.22231;
0.0904359, -0.651631, -0.120217, 1.79602, 0.0130604, 0.422559, -0.0847093, -0.0419989, -0.319059, 1.69357, -2.76813e-06, -2.22057, 2.22231;
0.097944, -0.651914, -0.130184, 1.79532, 0.014121, 0.423007, -0.0917177, -0.045499, -0.319059, 1.69357, -2.71596e-06, -2.22057, 2.22231;
0.105445, -0.652218, -0.140138, 1.79457, 0.0151749, 0.423492, -0.0987138, -0.048999, -0.319059, 1.69357, -2.66449e-06, -2.22057, 2.22231;
0.112939, -0.652545, -0.150078, 1.79376, 0.0162216, 0.424012, -0.105697, -0.0524991, -0.319059, 1.69357, -2.61374e-06, -2.22057, 2.22231;
0.120425, -0.652893, -0.160005, 1.79289, 0.0172604, 0.424567, -0.112666, -0.0559991, -0.319059, 1.69357, -2.56371e-06, -2.22057, 2.22231;
0.127903, -0.653264, -0.169916, 1.79197, 0.0182911, 0.425158, -0.119619, -0.0594992, -0.319059, 1.69357, -2.51444e-06, -2.22057, 2.22231;
0.135372, -0.653656, -0.179811, 1.79099, 0.019313, 0.425785, -0.126557, -0.0629992, -0.319059, 1.69357, -2.46601e-06, -2.22057, 2.22231;
0.142832, -0.654069, -0.189689, 1.78996, 0.0203256, 0.426447, -0.133479, -0.0664993, -0.319059, 1.69357, -2.41842e-06, -2.22057, 2.22231;
0.150283, -0.654504, -0.19955, 1.78887, 0.0213286, 0.427144, -0.140382, -0.0699993, -0.319059, 1.69357, -2.3717e-06, -2.22057, 2.22231;
0.157723, -0.65496, -0.209392, 1.78773, 0.0223215, 0.427876, -0.147267, -0.0734994, -0.319059, 1.69357, -2.32589e-06, -2.22057, 2.22231;
0.165153, -0.655438, -0.219215, 1.78653, 0.0233037, 0.428643, -0.154133, -0.0769994, -0.319059, 1.69357, -2.2812e-06, -2.22057, 2.22231;
0.172573, -0.655936, -0.229017, 1.78528, 0.0242749, 0.429445, -0.160979, -0.0804995, -0.319059, 1.69357, -2.23745e-06, -2.22057, 2.22231;
0.179981, -0.656455, -0.238798, 1.78397, 0.0252347, 0.430282, -0.167804, -0.0839995, -0.319059, 1.69357, -2.19465e-06, -2.22057, 2.22231;
0.187378, -0.656994, -0.248558, 1.78261, 0.0261825, 0.431154, -0.174607, -0.0874996, -0.319059, 1.69357, -2.15296e-06, -2.22057, 2.22231;
0.194763, -0.657554, -0.258295, 1.78119, 0.027118, 0.432061, -0.181388, -0.0909996, -0.319059, 1.69357, -2.11242e-06, -2.22057, 2.22231;
0.202135, -0.658134, -0.268009, 1.77971, 0.0280408, 0.433002, -0.188145, -0.0944997, -0.319059, 1.69357, -2.07302e-06, -2.22057, 2.22231;
0.209496, -0.658735, -0.277699, 1.77818, 0.0289505, 0.433977, -0.194879, -0.0979997, -0.319059, 1.69357, -2.0347e-06, -2.22057, 2.22231;
0.216843, -0.659355, -0.287363, 1.77659, 0.0298467, 0.434987, -0.201588, -0.1015, -0.319058, 1.69357, -1.99772e-06, -2.22057, 2.22231;
0.224177, -0.659995, -0.297003, 1.77495, 0.030729, 0.436032, -0.208271, -0.105, -0.319058, 1.69357, -1.96192e-06, -2.22057, 2.22231;
0.231498, -0.660654, -0.306616, 1.77326, 0.0315971, 0.43711, -0.214928, -0.1085, -0.319058, 1.69357, -1.92743e-06, -2.22057, 2.22231;
0.238805, -0.661333, -0.316202, 1.77151, 0.0324506, 0.438223, -0.221558, -0.112, -0.319058, 1.69357, -1.89408e-06, -2.22057, 2.22231;
0.246098, -0.66203, -0.325761, 1.7697, 0.0332891, 0.439369, -0.228161, -0.1155, -0.319058, 1.69357, -1.86212e-06, -2.22057, 2.22231;
0.253377, -0.662747, -0.335292, 1.76784, 0.0341124, 0.440549, -0.234736, -0.119, -0.319058, 1.69357, -1.83143e-06, -2.22057, 2.22231;
0.260642, -0.663482, -0.344794, 1.76593, 0.0349201, 0.441763, -0.241282, -0.1225, -0.319058, 1.69357, -1.80215e-06, -2.22057, 2.22231;
0.267892, -0.664236, -0.354266, 1.76396, 0.0357118, 0.443011, -0.247798, -0.126, -0.319058, 1.69357, -1.77411e-06, -2.22057, 2.22231;
0.275127, -0.665008, -0.363709, 1.76193, 0.0364874, 0.444291, -0.254285, -0.1295, -0.319058, 1.69357, -1.7475e-06, -2.22057, 2.22231;
0.282348, -0.665799, -0.373121, 1.75985, 0.0372465, 0.445606, -0.26074, -0.133, -0.319058, 1.69357, -1.72232e-06, -2.22057, 2.22231;
0.289553, -0.666607, -0.382501, 1.75772, 0.0379888, 0.446953, -0.267165, -0.1365, -0.319058, 1.69357, -1.69858e-06, -2.22057, 2.22231;
0.296742, -0.667432, -0.39185, 1.75553, 0.038714, 0.448334, -0.273558, -0.14, -0.319058, 1.69357, -1.67607e-06, -2.22057, 2.22231;
0.303917, -0.668275, -0.401167, 1.75329, 0.039422, 0.449747, -0.279919, -0.1435, -0.319058, 1.69357, -1.65515e-06, -2.22057, 2.22231;
0.311075, -0.669136, -0.410452, 1.75099, 0.0401124, 0.451193, -0.286247, -0.147, -0.319058, 1.69357, -1.63564e-06, -2.22057, 2.22231;
0.318219, -0.670013, -0.419703, 1.74864, 0.040785, 0.452672, -0.292542, -0.1505, -0.319058, 1.69357, -1.61754e-06, -2.22057, 2.22231;
0.325346, -0.670907, -0.42892, 1.74624, 0.0414396, 0.454183, -0.298803, -0.154, -0.319058, 1.69357, -1.60081e-06, -2.22057, 2.22231;
0.332457, -0.671818, -0.438104, 1.74378, 0.0420759, 0.455727, -0.30503, -0.1575, -0.319058, 1.69357, -1.58576e-06, -2.22057, 2.22231;
0.339553, -0.672745, -0.447252, 1.74126, 0.0426939, 0.457303, -0.311222, -0.161, -0.319058, 1.69357, -1.57199e-06, -2.22057, 2.22231;
0.346633, -0.673688, -0.456366, 1.73869, 0.0432932, 0.458911, -0.317379, -0.1645, -0.319058, 1.69357, -1.55968e-06, -2.22057, 2.22231;
0.353697, -0.674647, -0.465445, 1.73607, 0.0438737, 0.460551, -0.323501, -0.168, -0.319058, 1.69357, -1.5489e-06, -2.22057, 2.22231;
0.360745, -0.675622, -0.474487, 1.73339, 0.0444352, 0.462223, -0.329587, -0.1715, -0.319058, 1.69357, -1.53965e-06, -2.22057, 2.22231;
0.367776, -0.676612, -0.483494, 1.73066, 0.0449775, 0.463926, -0.335637, -0.175, -0.319058, 1.69357, -1.53175e-06, -2.22057, 2.22231;
0.374792, -0.677617, -0.492464, 1.72788, 0.0455005, 0.465661, -0.34165, -0.1785, -0.319058, 1.69357, -1.5254e-06, -2.22057, 2.22231;
0.381792, -0.678638, -0.501398, 1.72504, 0.046004, 0.467428, -0.347626, -0.182, -0.319058, 1.69357, -1.5205e-06, -2.22057, 2.22231;
0.388776, -0.679673, -0.510294, 1.72215, 0.046488, 0.469226, -0.353565, -0.1855, -0.319058, 1.69357, -1.51706e-06, -2.22057, 2.22231;
0.395744, -0.680723, -0.519152, 1.7192, 0.0469522, 0.471055, -0.359467, -0.189, -0.319058, 1.69357, -1.51502e-06, -2.22057, 2.22231;
0.402697, -0.681787, -0.527973, 1.7162, 0.0473965, 0.472915, -0.365331, -0.1925, -0.319058, 1.69357, -1.51462e-06, -2.22057, 2.22231;
0.409633, -0.682866, -0.536756, 1.71315, 0.0478209, 0.474806, -0.371156, -0.196, -0.319058, 1.69357, -1.51555e-06, -2.22057, 2.22231;
0.416555, -0.683959, -0.545501, 1.71004, 0.0482252, 0.476727, -0.376943, -0.1995, -0.319058, 1.69357, -1.51802e-06, -2.22057, 2.22231;
0.42346, -0.685065, -0.554207, 1.70688, 0.0486093, 0.478679, -0.382692, -0.203, -0.319058, 1.69357, -1.5219e-06, -2.22057, 2.22231;
0.43035, -0.686185, -0.562875, 1.70367, 0.0489732, 0.480662, -0.388401, -0.2065, -0.319058, 1.69357, -1.52726e-06, -2.22057, 2.22231;
0.437225, -0.687319, -0.571503, 1.7004, 0.0493167, 0.482675, -0.394072, -0.21, -0.319058, 1.69357, -1.53402e-06, -2.22057, 2.22231;
0.444085, -0.688465, -0.580092, 1.69708, 0.0496398, 0.484719, -0.399703, -0.2135, -0.319058, 1.69357, -1.5423e-06, -2.22057, 2.22231;
0.45093, -0.689625, -0.588642, 1.69371, 0.0499424, 0.486792, -0.405295, -0.217, -0.319058, 1.69357, -1.55194e-06, -2.22057, 2.22231;
0.45776, -0.690798, -0.597152, 1.69028, 0.0502244, 0.488896, -0.410848, -0.2205, -0.319058, 1.69357, -1.56304e-06, -2.22057, 2.22231;
0.464575, -0.691983, -0.605623, 1.6868, 0.0504859, 0.491029, -0.41636, -0.224, -0.319058, 1.69357, -1.57561e-06, -2.22057, 2.22231;
0.471376, -0.693181, -0.614053, 1.68326, 0.0507267, 0.493192, -0.421833, -0.2275, -0.319057, 1.69357, -1.58954e-06, -2.22057, 2.22231;
0.478162, -0.694391, -0.622444, 1.67967, 0.0509468, 0.495384, -0.427265, -0.231, -0.319057, 1.69357, -1.60496e-06, -2.22057, 2.22231;
0.484934, -0.695613, -0.630794, 1.67603, 0.0511462, 0.497607, -0.432658, -0.2345, -0.319057, 1.69357, -1.62167e-06, -2.22057, 2.22231;
0.491693, -0.696847, -0.639104, 1.67234, 0.0513248, 0.499858, -0.43801, -0.238, -0.319057, 1.69357, -1.64003e-06, -2.22057, 2.22231;
0.498438, -0.698093, -0.647373, 1.66859, 0.0514826, 0.502139, -0.443322, -0.2415, -0.319057, 1.69357, -1.65958e-06, -2.22057, 2.22231;
0.505169, -0.699351, -0.655602, 1.66479, 0.0516197, 0.504449, -0.448593, -0.245, -0.319057, 1.69357, -1.68067e-06, -2.22057, 2.22231;
0.511887, -0.70062, -0.663791, 1.66093, 0.0517359, 0.506788, -0.453824, -0.2485, -0.319057, 1.69357, -1.70303e-06, -2.22057, 2.22231;
0.518592, -0.701901, -0.671938, 1.65703, 0.0518313, 0.509156, -0.459015, -0.252, -0.319057, 1.69357, -1.72688e-06, -2.22057, 2.22231;
0.525285, -0.703192, -0.680045, 1.65307, 0.0519059, 0.511552, -0.464165, -0.2555, -0.319057, 1.69357, -1.75211e-06, -2.22057, 2.22231;
0.531965, -0.704495, -0.688111, 1.64905, 0.0519596, 0.513978, -0.469274, -0.259, -0.319057, 1.69357, -1.77874e-06, -2.22057, 2.22231;
0.538633, -0.705808, -0.696136, 1.64498, 0.0519926, 0.516432, -0.474343, -0.2625, -0.319057, 1.69357, -1.80669e-06, -2.22057, 2.22231;
0.545289, -0.707133, -0.70412, 1.64086, 0.0520047, 0.518915, -0.479371, -0.266, -0.319057, 1.69357, -1.83607e-06, -2.22057, 2.22231;
0.551933, -0.708467, -0.712063, 1.63669, 0.051996, 0.521426, -0.484359, -0.2695, -0.319057, 1.69357, -1.86676e-06, -2.22057, 2.22231;
0.558566, -0.709813, -0.719965, 1.63246, 0.0519666, 0.523965, -0.489306, -0.273, -0.319057, 1.69357, -1.89891e-06, -2.22057, 2.22231;
0.565188, -0.711168, -0.727826, 1.62818, 0.0519164, 0.526533, -0.494213, -0.2765, -0.319057, 1.69357, -1.93241e-06, -2.22057, 2.22231;
0.571799, -0.712534, -0.735646, 1.62384, 0.0518455, 0.529129, -0.499079, -0.28, -0.319057, 1.69357, -1.96725e-06, -2.22057, 2.22231;
0.5784, -0.71391, -0.743425, 1.61945, 0.0517538, 0.531754, -0.503905, -0.2835, -0.319057, 1.69357, -2.00354e-06, -2.22057, 2.22231;
0.58499, -0.715296, -0.751163, 1.61501, 0.0516415, 0.534406, -0.50869, -0.287, -0.319057, 1.69357, -2.04116e-06, -2.22057, 2.22231;
0.591571, -0.716692, -0.758859, 1.61052, 0.0515086, 0.537086, -0.513435, -0.2905, -0.319057, 1.69357, -2.08011e-06, -2.22057, 2.22231;
0.598142, -0.718097, -0.766515, 1.60597, 0.051355, 0.539795, -0.51814, -0.294, -0.319057, 1.69357, -2.12051e-06, -2.22057, 2.22231;
0.604704, -0.719512, -0.774129, 1.60137, 0.0511809, 0.542531, -0.522805, -0.2975, -0.319057, 1.69357, -2.16224e-06, -2.22057, 2.22231;
0.611258, -0.720937, -0.781703, 1.59671, 0.0509863, 0.545295, -0.527429, -0.301, -0.319057, 1.69357, -2.20544e-06, -2.22057, 2.22231;
0.617802, -0.722371, -0.789235, 1.592, 0.0507712, 0.548087, -0.532014, -0.3045, -0.319057, 1.69357, -2.24992e-06, -2.22057, 2.22231;
0.624339, -0.723814, -0.796726, 1.58723, 0.0505356, 0.550906, -0.536559, -0.308, -0.319057, 1.69357, -2.29582e-06, -2.22057, 2.22231;
0.630868, -0.725267, -0.804177, 1.58241, 0.0502797, 0.553754, -0.541065, -0.3115, -0.319057, 1.69357, -2.34315e-06, -2.22057, 2.22231;
0.637389, -0.726728, -0.811586, 1.57754, 0.0500035, 0.556629, -0.545531, -0.315, -0.319057, 1.69357, -2.39184e-06, -2.22057, 2.22231;
0.643904, -0.728199, -0.818955, 1.57261, 0.0497069, 0.559532, -0.549957, -0.3185, -0.319057, 1.69357, -2.44192e-06, -2.22057, 2.22231;
0.650411, -0.729678, -0.826282, 1.56763, 0.0493902, 0.562462, -0.554344, -0.322, -0.319057, 1.69357, -2.49336e-06, -2.22057, 2.22231;
0.656913, -0.731167, -0.833569, 1.5626, 0.0490533, 0.56542, -0.558693, -0.3255, -0.319057, 1.69357, -2.5464e-06, -2.22057, 2.22231;
0.663408, -0.732664, -0.840815, 1.55751, 0.0486963, 0.568405, -0.563002, -0.329, -0.319057, 1.69357, -2.60067e-06, -2.22057, 2.22231;
0.669898, -0.734169, -0.848021, 1.55236, 0.0483192, 0.571419, -0.567273, -0.3325, -0.319057, 1.69357, -2.65641e-06, -2.22057, 2.22231;
0.676382, -0.735684, -0.855186, 1.54716, 0.0479222, 0.574459, -0.571505, -0.336, -0.319057, 1.69357, -2.71361e-06, -2.22057, 2.22231;
0.682862, -0.737207, -0.86231, 1.5419, 0.0475052, 0.577528, -0.575699, -0.3395, -0.319057, 1.69357, -2.77229e-06, -2.22057, 2.22231;
0.689337, -0.738738, -0.869394, 1.53659, 0.0470684, 0.580624, -0.579854, -0.342999, -0.319057, 1.69357, -2.83231e-06, -2.22057, 2.2223;
0.695808, -0.740278, -0.876438, 1.53123, 0.0466118, 0.583748, -0.583972, -0.346499, -0.319057, 1.69357, -2.894e-06, -2.22057, 2.2223;
0.702275, -0.741826, -0.883441, 1.52581, 0.0461355, 0.586899, -0.588052, -0.349999, -0.319056, 1.69357, -2.95698e-06, -2.22057, 2.2223;
0.703048, -0.742862, -0.882164, 1.52644, 0.0422894, 0.586435, -0.594874, -0.349554, -0.319072, 1.69359, 0.0110867, -2.21554, 2.21731;
0.703769, -0.743938, -0.880865, 1.52714, 0.0384303, 0.585969, -0.601702, -0.349109, -0.319072, 1.69358, 0.0221244, -2.21051, 2.21227;
0.70449, -0.745018, -0.879569, 1.52786, 0.0345689, 0.585503, -0.608529, -0.348663, -0.319072, 1.69357, 0.0331114, -2.20544, 2.2072;
0.705211, -0.7461, -0.878275, 1.52859, 0.0307051, 0.585035, -0.615356, -0.348217, -0.319072, 1.69355, 0.0440489, -2.20035, 2.20211;
0.705933, -0.747186, -0.876985, 1.52933, 0.0268389, 0.584568, -0.622182, -0.347772, -0.319072, 1.69353, 0.0549369, -2.19523, 2.19699;
0.706655, -0.748275, -0.875698, 1.53008, 0.0229704, 0.584101, -0.629008, -0.347327, -0.319072, 1.69351, 0.0657756, -2.19009, 2.19184;
0.707377, -0.749367, -0.874414, 1.53083, 0.0190994, 0.583633, -0.635834, -0.346882, -0.319072, 1.69348, 0.0765652, -2.18491, 2.18666;
0.708101, -0.750462, -0.873134, 1.5316, 0.0152261, 0.583166, -0.642659, -0.346437, -0.319072, 1.69345, 0.0873057, -2.17972, 2.18146;
0.708825, -0.751561, -0.871858, 1.53238, 0.0113505, 0.582698, -0.649483, -0.345993, -0.319072, 1.69341, 0.0979973, -2.17449, 2.17623;
0.70955, -0.752663, -0.870585, 1.53316, 0.00747248, 0.58223, -0.656308, -0.345549, -0.319072, 1.69337, 0.10864, -2.16924, 2.17098;
0.710275, -0.753768, -0.869316, 1.53396, 0.00359215, 0.581763, -0.663132, -0.345105, -0.319072, 1.69332, 0.119234, -2.16397, 2.1657;
0.711002, -0.754876, -0.868051, 1.53477, -0.000290492, 0.581295, -0.669956, -0.344662, -0.319072, 1.69327, 0.12978, -2.15867, 2.1604;
0.711729, -0.755987, -0.86679, 1.53558, -0.00417545, 0.580828, -0.676779, -0.34422, -0.319072, 1.69321, 0.140278, -2.15335, 2.15507;
0.712458, -0.757102, -0.865533, 1.5364, -0.0080627, 0.580361, -0.683603, -0.343778, -0.319072, 1.69315, 0.150727, -2.148, 2.14971;
0.713187, -0.75822, -0.864281, 1.53724, -0.0119522, 0.579894, -0.690426, -0.343337, -0.319072, 1.69309, 0.161128, -2.14262, 2.14434;
0.713918, -0.759342, -0.863032, 1.53808, -0.015844, 0.579428, -0.697249, -0.342896, -0.319072, 1.69302, 0.171481, -2.13722, 2.13893;
0.714649, -0.760467, -0.861789, 1.53893, -0.0197381, 0.578962, -0.704073, -0.342457, -0.319072, 1.69295, 0.181787, -2.1318, 2.13351;
0.715382, -0.761595, -0.860549, 1.53979, -0.0236344, 0.578496, -0.710896, -0.342017, -0.319072, 1.69287, 0.192044, -2.12636, 2.12806;
0.716116, -0.762726, -0.859314, 1.54066, -0.027533, 0.578031, -0.717719, -0.341579, -0.319072, 1.69279, 0.202255, -2.12089, 2.12258;
0.716852, -0.763861, -0.858084, 1.54154, -0.0314338, 0.577566, -0.724542, -0.341142, -0.319072, 1.6927, 0.212418, -2.11539, 2.11709;
0.717589, -0.764999, -0.856859, 1.54242, -0.0353368, 0.577102, -0.731366, -0.340705, -0.319072, 1.69261, 0.222533, -2.10988, 2.11157;
0.718327, -0.76614, -0.855638, 1.54332, -0.039242, 0.576638, -0.738189, -0.34027, -0.319072, 1.69252, 0.232602, -2.10434, 2.10602;
0.719066, -0.767285, -0.854422, 1.54422, -0.0431493, 0.576176, -0.745013, -0.339835, -0.319072, 1.69242, 0.242623, -2.09878, 2.10045;
0.719808, -0.768434, -0.853212, 1.54513, -0.0470589, 0.575714, -0.751837, -0.339401, -0.319072, 1.69231, 0.252598, -2.09319, 2.09487;
0.72055, -0.769585, -0.852006, 1.54605, -0.0509706, 0.575252, -0.758661, -0.338969, -0.319072, 1.6922, 0.262526, -2.08758, 2.08925;
0.721295, -0.77074, -0.850806, 1.54698, -0.0548844, 0.574792, -0.765485, -0.338537, -0.319073, 1.69209, 0.272407, -2.08196, 2.08362;
0.722041, -0.771899, -0.849611, 1.54792, -0.0588004, 0.574332, -0.77231, -0.338107, -0.319073, 1.69197, 0.282242, -2.0763, 2.07796;
0.722789, -0.773061, -0.848421, 1.54886, -0.0627185, 0.573874, -0.779135, -0.337678, -0.319073, 1.69185, 0.292031, -2.07063, 2.07229;
0.723538, -0.774226, -0.847237, 1.54981, -0.0666387, 0.573416, -0.785961, -0.33725, -0.319073, 1.69173, 0.301773, -2.06494, 2.06659;
0.72429, -0.775395, -0.846058, 1.55077, -0.070561, 0.57296, -0.792787, -0.336823, -0.319073, 1.6916, 0.31147, -2.05922, 2.06087;
0.725043, -0.776568, -0.844885, 1.55174, -0.0744854, 0.572505, -0.799614, -0.336398, -0.319073, 1.69146, 0.32112, -2.05348, 2.05512;
0.725798, -0.777743, -0.843718, 1.55272, -0.0784118, 0.57205, -0.806441, -0.335974, -0.319073, 1.69133, 0.330725, -2.04772, 2.04936;
0.726555, -0.778923, -0.842556, 1.5537, -0.0823402, 0.571597, -0.813269, -0.335551, -0.319073, 1.69118, 0.340284, -2.04194, 2.04358;
0.727315, -0.780106, -0.8414, 1.55469, -0.0862707, 0.571146, -0.820098, -0.33513, -0.319073, 1.69104, 0.349798, -2.03614, 2.03777;
0.728076, -0.781292, -0.84025, 1.55569, -0.0902032, 0.570696, -0.826927, -0.334711, -0.319073, 1.69089, 0.359266, -2.03032, 2.03195;
0.728839, -0.782482, -0.839106, 1.55669, -0.0941377, 0.570247, -0.833757, -0.334293, -0.319073, 1.69073, 0.368689, -2.02448, 2.0261;
0.729605, -0.783675, -0.837969, 1.55771, -0.0980742, 0.569799, -0.840588, -0.333876, -0.319073, 1.69057, 0.378066, -2.01862, 2.02023;
0.730373, -0.784872, -0.836837, 1.55872, -0.102013, 0.569353, -0.84742, -0.333461, -0.319073, 1.69041, 0.387399, -2.01274, 2.01435;
0.731143, -0.786073, -0.835711, 1.55975, -0.105953, 0.568909, -0.854253, -0.333048, -0.319073, 1.69024, 0.396687, -2.00684, 2.00844;
0.731915, -0.787277, -0.834592, 1.56078, -0.109895, 0.568467, -0.861086, -0.332636, -0.319073, 1.69007, 0.40593, -2.00092, 2.00252;
0.73269, -0.788485, -0.833479, 1.56182, -0.11384, 0.568026, -0.867921, -0.332226, -0.319073, 1.68989, 0.415129, -1.99498, 1.99657;
0.733467, -0.789696, -0.832373, 1.56287, -0.117786, 0.567587, -0.874757, -0.331818, -0.319073, 1.68971, 0.424283, -1.98902, 1.99061;
0.734246, -0.790911, -0.831273, 1.56392, -0.121734, 0.567149, -0.881594, -0.331412, -0.319073, 1.68953, 0.433392, -1.98304, 1.98462;
0.735028, -0.792129, -0.83018, 1.56498, -0.125683, 0.566714, -0.888432, -0.331008, -0.319073, 1.68934, 0.442458, -1.97704, 1.97862;
0.735813, -0.793351, -0.829093, 1.56605, -0.129635, 0.566281, -0.895271, -0.330605, -0.319073, 1.68915, 0.451479, -1.97102, 1.9726;
0.7366, -0.794577, -0.828013, 1.56712, -0.133589, 0.565849, -0.902112, -0.330205, -0.319073, 1.68896, 0.460457, -1.96499, 1.96656;
0.73739, -0.795806, -0.826939, 1.5682, -0.137544, 0.56542, -0.908954, -0.329806, -0.319073, 1.68876, 0.46939, -1.95893, 1.9605;
0.738182, -0.797039, -0.825873, 1.56928, -0.141501, 0.564993, -0.915797, -0.32941, -0.319073, 1.68855, 0.47828, -1.95286, 1.95442;
0.738977, -0.798276, -0.824813, 1.57037, -0.14546, 0.564568, -0.922642, -0.329015, -0.319073, 1.68834, 0.487126, -1.94677, 1.94833;
0.739775, -0.799516, -0.82376, 1.57146, -0.149421, 0.564145, -0.929488, -0.328623, -0.319073, 1.68813, 0.495929, -1.94066, 1.94222;
0.740576, -0.80076, -0.822715, 1.57256, -0.153383, 0.563725, -0.936336, -0.328233, -0.319073, 1.68792, 0.504688, -1.93454, 1.93609;
0.74138, -0.802008, -0.821676, 1.57367, -0.157347, 0.563307, -0.943186, -0.327845, -0.319073, 1.6877, 0.513404, -1.92839, 1.92994;
0.742186, -0.803259, -0.820644, 1.57478, -0.161313, 0.562891, -0.950037, -0.327459, -0.319073, 1.68747, 0.522077, -1.92223, 1.92377;
0.742995, -0.804515, -0.819619, 1.5759, -0.16528, 0.562479, -0.95689, -0.327075, -0.319073, 1.68725, 0.530707, -1.91605, 1.91759;
0.743808, -0.805773, -0.818602, 1.57702, -0.169249, 0.562068, -0.963745, -0.326694, -0.319073, 1.68701, 0.539295, -1.90986, 1.91139;
0.744623, -0.807036, -0.817592, 1.57815, -0.17322, 0.561661, -0.970601, -0.326315, -0.319073, 1.68678, 0.547839, -1.90365, 1.90517;
0.745441, -0.808302, -0.816589, 1.57928, -0.177192, 0.561256, -0.97746, -0.325938, -0.319073, 1.68654, 0.556341, -1.89742, 1.89893;
0.746263, -0.809572, -0.815594, 1.58042, -0.181166, 0.560854, -0.984321, -0.325564, -0.319073, 1.6863, 0.5648, -1.89117, 1.89268;
0.747087, -0.810846, -0.814606, 1.58156, -0.185141, 0.560454, -0.991183, -0.325192, -0.319073, 1.68605, 0.573217, -1.88491, 1.88641;
0.747915, -0.812123, -0.813625, 1.58271, -0.189118, 0.560058, -0.998048, -0.324823, -0.319073, 1.6858, 0.581591, -1.87863, 1.88013;
0.748746, -0.813405, -0.812652, 1.58386, -0.193097, 0.559665, -1.00492, -0.324456, -0.319073, 1.68555, 0.589924, -1.87233, 1.87383;
0.74958, -0.81469, -0.811686, 1.58502, -0.197077, 0.559274, -1.01178, -0.324092, -0.319073, 1.68529, 0.598214, -1.86602, 1.86751;
0.750417, -0.815978, -0.810728, 1.58618, -0.201058, 0.558887, -1.01866, -0.323731, -0.319073, 1.68503, 0.606463, -1.85969, 1.86118;
0.751258, -0.817271, -0.809777, 1.58734, -0.205041, 0.558503, -1.02553, -0.323372, -0.319073, 1.68477, 0.614669, -1.85335, 1.85483;
0.752102, -0.818567, -0.808834, 1.58851, -0.209025, 0.558123, -1.03241, -0.323015, -0.319073, 1.6845, 0.622834, -1.84698, 1.84846;
0.75295, -0.819868, -0.807899, 1.58969, -0.213011, 0.557745, -1.03929, -0.322662, -0.319073, 1.68423, 0.630958, -1.84061, 1.84208;
0.753801, -0.821172, -0.806972, 1.59086, -0.216998, 0.557372, -1.04617, -0.322311, -0.319073, 1.68395, 0.63904, -1.83422, 1.83568;
0.754655, -0.82248, -0.806052, 1.59204, -0.220986, 0.557001, -1.05305, -0.321963, -0.319073, 1.68367, 0.64708, -1.82781, 1.82927;
0.755513, -0.823791, -0.80514, 1.59323, -0.224976, 0.556634, -1.05994, -0.321617, -0.319073, 1.68339, 0.65508, -1.82139, 1.82284;
0.756374, -0.825107, -0.804236, 1.59441, -0.228967, 0.556271, -1.06683, -0.321275, -0.319073, 1.6831, 0.663038, -1.81495, 1.8164;
0.757239, -0.826427, -0.80334, 1.5956, -0.232959, 0.555911, -1.07372, -0.320935, -0.319073, 1.68282, 0.670955, -1.8085, 1.80994;
0.758108, -0.82775, -0.802451, 1.5968, -0.236952, 0.555556, -1.08062, -0.320599, -0.319073, 1.68252, 0.678831, -1.80203, 1.80347;
0.75898, -0.829077, -0.801571, 1.598, -0.240947, 0.555204, -1.08751, -0.320265, -0.319073, 1.68223, 0.686667, -1.79555, 1.79699;
0.759856, -0.830408, -0.800698, 1.5992, -0.244943, 0.554856, -1.09442, -0.319934, -0.319073, 1.68193, 0.694462, -1.78905, 1.79048;
0.760736, -0.831743, -0.799834, 1.6004, -0.24894, 0.554511, -1.10132, -0.319606, -0.319073, 1.68163, 0.702216, -1.78254, 1.78397;
0.761619, -0.833082, -0.798977, 1.60161, -0.252938, 0.554171, -1.10823, -0.319282, -0.319073, 1.68132, 0.70993, -1.77602, 1.77744;
0.762507, -0.834425, -0.798128, 1.60282, -0.256937, 0.553835, -1.11514, -0.31896, -0.319073, 1.68101, 0.717604, -1.76948, 1.77089;
0.763398, -0.835772, -0.797288, 1.60403, -0.260937, 0.553504, -1.12205, -0.318641, -0.319073, 1.6807, 0.725237, -1.76292, 1.76433;
0.764293, -0.837123, -0.796455, 1.60524, -0.264938, 0.553176, -1.12897, -0.318326, -0.319073, 1.68038, 0.73283, -1.75636, 1.75776;
0.765191, -0.838478, -0.795631, 1.60646, -0.268941, 0.552853, -1.13589, -0.318014, -0.319073, 1.68007, 0.740383, -1.74977, 1.75117;
0.766094, -0.839836, -0.794814, 1.60768, -0.272944, 0.552534, -1.14282, -0.317705, -0.319073, 1.67975, 0.747896, -1.74318, 1.74457;
0.767001, -0.841199, -0.794006, 1.6089, -0.276948, 0.55222, -1.14975, -0.317399, -0.319073, 1.67942, 0.75537, -1.73657, 1.73796;
0.767911, -0.842566, -0.793206, 1.61012, -0.280953, 0.55191, -1.15668, -0.317096, -0.319073, 1.67909, 0.762804, -1.72995, 1.73133;
0.768826, -0.843937, -0.792414, 1.61134, -0.284959, 0.551605, -1.16362, -0.316797, -0.319073, 1.67876, 0.770198, -1.72331, 1.72469;
0.769745, -0.845311, -0.79163, 1.61257, -0.288966, 0.551305, -1.17056, -0.316501, -0.319073, 1.67843, 0.777552, -1.71666, 1.71803;
0.770667, -0.84669, -0.790854, 1.6138, -0.292973, 0.551009, -1.1775, -0.316208, -0.319073, 1.67809, 0.784868, -1.71, 1.71137;
0.771594, -0.848073, -0.790087, 1.61503, -0.296981, 0.550718, -1.18445, -0.315919, -0.319073, 1.67775, 0.792144, -1.70332, 1.70469;
0.772525, -0.849459, -0.789328, 1.61626, -0.30099, 0.550432, -1.1914, -0.315633, -0.319073, 1.67741, 0.79938, -1.69664, 1.69799;
0.773461, -0.85085, -0.788576, 1.61749, -0.305, 0.550151, -1.19836, -0.315351, -0.319073, 1.67707, 0.806578, -1.68994, 1.69129;
0.7744, -0.852245, -0.787833, 1.61872, -0.30901, 0.549876, -1.20532, -0.315072, -0.319073, 1.67672, 0.813737, -1.68322, 1.68457;
0.775344, -0.853644, -0.787098, 1.61996, -0.313021, 0.549605, -1.21229, -0.314797, -0.319073, 1.67637, 0.820857, -1.67649, 1.67783;
0.776292, -0.855047, -0.786372, 1.62119, -0.317033, 0.549339, -1.21926, -0.314525, -0.319073, 1.67601, 0.827938, -1.66976, 1.67109;
0.777244, -0.856454, -0.785653, 1.62243, -0.321045, 0.549079, -1.22623, -0.314256, -0.319073, 1.67566, 0.83498, -1.663, 1.66433;
0.7782, -0.857866, -0.784943, 1.62367, -0.325058, 0.548824, -1.23321, -0.313992, -0.319073, 1.6753, 0.841984, -1.65624, 1.65756;
0.779161, -0.859281, -0.784241, 1.6249, -0.329071, 0.548575, -1.2402, -0.31373, -0.319073, 1.67494, 0.84895, -1.64946, 1.65078;
0.780126, -0.8607, -0.783547, 1.62614, -0.333084, 0.548331, -1.24719, -0.313473, -0.319073, 1.67457, 0.855877, -1.64268, 1.64399;
0.781096, -0.862124, -0.782861, 1.62738, -0.337098, 0.548093, -1.25418, -0.313219, -0.319073, 1.67421, 0.862765, -1.63588, 1.63718;
0.78207, -0.863552, -0.782184, 1.62862, -0.341112, 0.54786, -1.26118, -0.312969, -0.319073, 1.67384, 0.869616, -1.62906, 1.63037;
0.783049, -0.864984, -0.781514, 1.62985, -0.345127, 0.547633, -1.26818, -0.312722, -0.319073, 1.67347, 0.876429, -1.62224, 1.62354;
0.784032, -0.86642, -0.780853, 1.63109, -0.349141, 0.547412, -1.27519, -0.312479, -0.319073, 1.67309, 0.883203, -1.6154, 1.61669;
0.779293, -0.862096, -0.775083, 1.63238, -0.34806, 0.546514, -1.26972, -0.308968, -0.319066, 1.67457, 0.883209, -1.61543, 1.61668;
0.774585, -0.857768, -0.769281, 1.63353, -0.346994, 0.545666, -1.26426, -0.305468, -0.319066, 1.67607, 0.88321, -1.61543, 1.61668;
0.769856, -0.853452, -0.763427, 1.63462, -0.345943, 0.544858, -1.25879, -0.301968, -0.319066, 1.67757, 0.88321, -1.61543, 1.61668;
0.765107, -0.849146, -0.757521, 1.63564, -0.344911, 0.544092, -1.2533, -0.298468, -0.319066, 1.67907, 0.88321, -1.61543, 1.61668;
0.760337, -0.844853, -0.751564, 1.6366, -0.343896, 0.543369, -1.24781, -0.294968, -0.319066, 1.68057, 0.88321, -1.61543, 1.61668;
0.755547, -0.840572, -0.745556, 1.6375, -0.342899, 0.542687, -1.24231, -0.291468, -0.319066, 1.68207, 0.88321, -1.61543, 1.61668;
0.750737, -0.836304, -0.739497, 1.63833, -0.341923, 0.542048, -1.23679, -0.287968, -0.319066, 1.68357, 0.88321, -1.61543, 1.61668;
0.745907, -0.832049, -0.733387, 1.6391, -0.340966, 0.541451, -1.23127, -0.284468, -0.319066, 1.68507, 0.88321, -1.61543, 1.61668;
0.741058, -0.827808, -0.727227, 1.6398, -0.340031, 0.540897, -1.22573, -0.280968, -0.319066, 1.68657, 0.88321, -1.61543, 1.61668;
0.736188, -0.823581, -0.721017, 1.64044, -0.339117, 0.540386, -1.22019, -0.277468, -0.319066, 1.68807, 0.88321, -1.61543, 1.61668;
0.7313, -0.819368, -0.714757, 1.64101, -0.338226, 0.539917, -1.21463, -0.273968, -0.319066, 1.68957, 0.88321, -1.61543, 1.61668;
0.726392, -0.81517, -0.708449, 1.64152, -0.337358, 0.539491, -1.20906, -0.270468, -0.319066, 1.69107, 0.88321, -1.61543, 1.61668;
0.721465, -0.810987, -0.702091, 1.64196, -0.336514, 0.539107, -1.20348, -0.266968, -0.319066, 1.69257, 0.88321, -1.61543, 1.61668;
0.71652, -0.806819, -0.695686, 1.64234, -0.335695, 0.538767, -1.19788, -0.263468, -0.319066, 1.69407, 0.88321, -1.61543, 1.61668;
0.711557, -0.802667, -0.689232, 1.64266, -0.334901, 0.53847, -1.19228, -0.259968, -0.319066, 1.69557, 0.88321, -1.61543, 1.61668;
0.706575, -0.798531, -0.682731, 1.64291, -0.334133, 0.538216, -1.18666, -0.256468, -0.319066, 1.69707, 0.88321, -1.61543, 1.61668;
0.701576, -0.794411, -0.676183, 1.6431, -0.333393, 0.538005, -1.18103, -0.252968, -0.319066, 1.69857, 0.88321, -1.61543, 1.61668;
0.696559, -0.790308, -0.669588, 1.64322, -0.33268, 0.537837, -1.17539, -0.249468, -0.319066, 1.70007, 0.88321, -1.61543, 1.61668;
0.691526, -0.786222, -0.662947, 1.64327, -0.331995, 0.537713, -1.16973, -0.245968, -0.319066, 1.70157, 0.88321, -1.61543, 1.61668;
0.686476, -0.782153, -0.656261, 1.64326, -0.33134, 0.537631, -1.16406, -0.242468, -0.319066, 1.70307, 0.88321, -1.61543, 1.61668;
0.681409, -0.778101, -0.64953, 1.64319, -0.330714, 0.537594, -1.15838, -0.238968, -0.319066, 1.70457, 0.88321, -1.61543, 1.61668;
0.676327, -0.774066, -0.642754, 1.64305, -0.330119, 0.5376, -1.15269, -0.235468, -0.319066, 1.70607, 0.88321, -1.61543, 1.61668;
0.67123, -0.770049, -0.635935, 1.64285, -0.329555, 0.537649, -1.14698, -0.231968, -0.319066, 1.70757, 0.88321, -1.61543, 1.61668;
0.666118, -0.766051, -0.629072, 1.64259, -0.329023, 0.537742, -1.14126, -0.228468, -0.319066, 1.70907, 0.88321, -1.61543, 1.61668;
0.660992, -0.76207, -0.622167, 1.64225, -0.328524, 0.537878, -1.13553, -0.224968, -0.319066, 1.71057, 0.88321, -1.61543, 1.61668;
0.655852, -0.758107, -0.61522, 1.64186, -0.328058, 0.538058, -1.12979, -0.221468, -0.319065, 1.71207, 0.883209, -1.61543, 1.61668;
0.650699, -0.754162, -0.608231, 1.6414, -0.327626, 0.538282, -1.12403, -0.217968, -0.319065, 1.71357, 0.883209, -1.61543, 1.61668;
0.645533, -0.750236, -0.601202, 1.64087, -0.327229, 0.53855, -1.11826, -0.214468, -0.319065, 1.71507, 0.883209, -1.61543, 1.61668;
0.640355, -0.746328, -0.594132, 1.64028, -0.326867, 0.538861, -1.11247, -0.210968, -0.319065, 1.71657, 0.883209, -1.61543, 1.61668;
0.635166, -0.742439, -0.587023, 1.63963, -0.326541, 0.539217, -1.10667, -0.207468, -0.319065, 1.71807, 0.883209, -1.61543, 1.61668;
0.629965, -0.738568, -0.579876, 1.63891, -0.326252, 0.539616, -1.10086, -0.203968, -0.319065, 1.71957, 0.883209, -1.61543, 1.61668;
0.624755, -0.734715, -0.57269, 1.63813, -0.326, 0.540059, -1.09504, -0.200468, -0.319065, 1.72107, 0.883209, -1.61543, 1.61668;
0.619535, -0.730882, -0.565467, 1.63728, -0.325786, 0.540545, -1.0892, -0.196968, -0.319065, 1.72257, 0.883209, -1.61543, 1.61668;
0.614305, -0.727066, -0.558207, 1.63637, -0.32561, 0.541076, -1.08335, -0.193468, -0.319065, 1.72407, 0.883208, -1.61543, 1.61668;
0.609068, -0.723269, -0.550912, 1.63539, -0.325473, 0.541651, -1.07749, -0.189968, -0.319065, 1.72557, 0.883208, -1.61543, 1.61668;
0.603822, -0.719491, -0.543581, 1.63435, -0.325376, 0.542269, -1.07161, -0.186468, -0.319065, 1.72707, 0.883208, -1.61543, 1.61668;
0.59857, -0.715731, -0.536216, 1.63324, -0.325319, 0.542932, -1.06572, -0.182968, -0.319065, 1.72857, 0.883208, -1.61543, 1.61668;
0.593312, -0.711989, -0.528818, 1.63207, -0.325302, 0.543638, -1.05982, -0.179468, -0.319065, 1.73007, 0.883208, -1.61543, 1.61668;
0.588048, -0.708265, -0.521386, 1.63084, -0.325327, 0.544389, -1.05391, -0.175968, -0.319064, 1.73157, 0.883208, -1.61543, 1.61668;
0.582779, -0.704559, -0.513922, 1.62954, -0.325393, 0.545184, -1.04798, -0.172468, -0.319064, 1.73307, 0.883207, -1.61543, 1.61668;
0.577506, -0.70087, -0.506427, 1.62817, -0.325502, 0.546022, -1.04204, -0.168968, -0.319064, 1.73457, 0.883207, -1.61543, 1.61668;
0.57223, -0.6972, -0.498902, 1.62675, -0.325653, 0.546905, -1.03609, -0.165468, -0.319064, 1.73607, 0.883207, -1.61543, 1.61668;
0.566951, -0.693546, -0.491347, 1.62525, -0.325847, 0.547832, -1.03012, -0.161968, -0.319064, 1.73757, 0.883207, -1.61543, 1.61668;
0.561671, -0.68991, -0.483762, 1.6237, -0.326085, 0.548802, -1.02415, -0.158468, -0.319064, 1.73907, 0.883207, -1.61543, 1.61668;
0.556389, -0.686291, -0.47615, 1.62207, -0.326367, 0.549817, -1.01816, -0.154968, -0.319064, 1.74057, 0.883206, -1.61543, 1.61668;
0.551107, -0.682688, -0.46851, 1.62039, -0.326693, 0.550876, -1.01216, -0.151468, -0.319064, 1.74207, 0.883206, -1.61543, 1.61668;
0.545826, -0.679101, -0.460843, 1.61864, -0.327064, 0.551979, -1.00616, -0.147969, -0.319063, 1.74357, 0.883206, -1.61543, 1.61668;
0.540545, -0.675531, -0.453151, 1.61682, -0.32748, 0.553126, -1.00014, -0.144469, -0.319063, 1.74507, 0.883206, -1.61543, 1.61668;
0.535267, -0.671976, -0.445433, 1.61494, -0.327942, 0.554317, -0.994105, -0.140969, -0.319063, 1.74657, 0.883205, -1.61543, 1.61668;
0.529992, -0.668436, -0.437691, 1.613, -0.328449, 0.555552, -0.988064, -0.137469, -0.319063, 1.74807, 0.883205, -1.61543, 1.61669;
0.52472, -0.664911, -0.429926, 1.61099, -0.329003, 0.556832, -0.982013, -0.133969, -0.319063, 1.74957, 0.883205, -1.61543, 1.61669;
0.519452, -0.661401, -0.422137, 1.60892, -0.329603, 0.558155, -0.975953, -0.130469, -0.319063, 1.75107, 0.883205, -1.61543, 1.61669;
0.51419, -0.657905, -0.414327, 1.60679, -0.33025, 0.559522, -0.969883, -0.126969, -0.319063, 1.75257, 0.883204, -1.61543, 1.61669;
0.508933, -0.654422, -0.406495, 1.60458, -0.330944, 0.560934, -0.963804, -0.123469, -0.319062, 1.75407, 0.883204, -1.61543, 1.61669;
0.503683, -0.650953, -0.398643, 1.60232, -0.331685, 0.56239, -0.957717, -0.119969, -0.319062, 1.75557, 0.883204, -1.61543, 1.61669;
0.49844, -0.647496, -0.39077, 1.59999, -0.332474, 0.56389, -0.951621, -0.116469, -0.319062, 1.75707, 0.883203, -1.61543, 1.61669;
0.493205, -0.644052, -0.382879, 1.5976, -0.333311, 0.565434, -0.945518, -0.112969, -0.319062, 1.75857, 0.883203, -1.61543, 1.61669;
0.48798, -0.640619, -0.374969, 1.59514, -0.334196, 0.567021, -0.939407, -0.109469, -0.319062, 1.76007, 0.883203, -1.61543, 1.61669;
0.482763, -0.637198, -0.367041, 1.59262, -0.335129, 0.568654, -0.933288, -0.105969, -0.319062, 1.76157, 0.883202, -1.61543, 1.61669;
0.477557, -0.633787, -0.359096, 1.59003, -0.336111, 0.57033, -0.927164, -0.102469, -0.319062, 1.76307, 0.883202, -1.61543, 1.61669;
0.472362, -0.630386, -0.351135, 1.58738, -0.337141, 0.572051, -0.921033, -0.0989694, -0.319061, 1.76457, 0.883202, -1.61543, 1.61669;
0.467179, -0.626995, -0.343158, 1.58466, -0.33822, 0.573815, -0.914896, -0.0954695, -0.319061, 1.76607, 0.883201, -1.61543, 1.61669;
0.462008, -0.623613, -0.335165, 1.58189, -0.339349, 0.575624, -0.908754, -0.0919696, -0.319061, 1.76758, 0.883201, -1.61543, 1.61669;
0.45685, -0.620239, -0.327158, 1.57904, -0.340526, 0.577478, -0.902607, -0.0884697, -0.319061, 1.76908, 0.883201, -1.61543, 1.61669;
0.451706, -0.616872, -0.319137, 1.57613, -0.341753, 0.579375, -0.896456, -0.0849698, -0.319061, 1.77058, 0.8832, -1.61543, 1.61669;
0.446576, -0.613513, -0.311102, 1.57316, -0.34303, 0.581317, -0.890301, -0.0814699, -0.319061, 1.77208, 0.8832, -1.61543, 1.61669;
0.441461, -0.61016, -0.303054, 1.57012, -0.344356, 0.583303, -0.884143, -0.07797, -0.31906, 1.77358, 0.8832, -1.61543, 1.61669;
0.436362, -0.606813, -0.294993, 1.56702, -0.345731, 0.585333, -0.877982, -0.0744701, -0.31906, 1.77508, 0.883199, -1.61543, 1.61669;
0.431279, -0.60347, -0.28692, 1.56386, -0.347157, 0.587408, -0.871818, -0.0709702, -0.31906, 1.77658, 0.883199, -1.61543, 1.61669;
0.426212, -0.600133, -0.278836, 1.56063, -0.348633, 0.589527, -0.865653, -0.0674703, -0.31906, 1.77808, 0.883198, -1.61543, 1.61669;
0.421163, -0.596798, -0.27074, 1.55733, -0.350159, 0.591691, -0.859486, -0.0639705, -0.31906, 1.77958, 0.883198, -1.61543, 1.61669;
0.416132, -0.593467, -0.262633, 1.55397, -0.351735, 0.593899, -0.853319, -0.0604706, -0.319059, 1.78108, 0.883198, -1.61543, 1.61669;
0.411119, -0.590138, -0.254516, 1.55055, -0.353362, 0.596152, -0.847151, -0.0569707, -0.319059, 1.78258, 0.883197, -1.61543, 1.61669;
0.406126, -0.58681, -0.246388, 1.54706, -0.355039, 0.598449, -0.840984, -0.0534709, -0.319059, 1.78408, 0.883197, -1.61543, 1.61669;
0.401151, -0.583482, -0.238251, 1.5435, -0.356767, 0.600791, -0.834817, -0.049971, -0.319059, 1.78558, 0.883196, -1.61543, 1.61669;
0.396196, -0.580155, -0.230103, 1.53989, -0.358546, 0.603178, -0.828652, -0.0464711, -0.319059, 1.78708, 0.883196, -1.61543, 1.61669;
0.391262, -0.576827, -0.221947, 1.5362, -0.360376, 0.605609, -0.822489, -0.0429713, -0.319059, 1.78858, 0.883195, -1.61543, 1.61669;
0.386348, -0.573497, -0.21378, 1.53245, -0.362256, 0.608086, -0.816328, -0.0394715, -0.319058, 1.79008, 0.883195, -1.61543, 1.61669;
0.381456, -0.570164, -0.205605, 1.52864, -0.364188, 0.610607, -0.81017, -0.0359716, -0.319058, 1.79158, 0.883195, -1.61543, 1.61669;
0.376585, -0.566828, -0.197421, 1.52476, -0.366171, 0.613174, -0.804016, -0.0324718, -0.319058, 1.79308, 0.883194, -1.61543, 1.61669;
0.371736, -0.563489, -0.189227, 1.52082, -0.368206, 0.615785, -0.797866, -0.0289719, -0.319058, 1.79458, 0.883194, -1.61543, 1.61669;
0.366909, -0.560144, -0.181025, 1.51681, -0.370293, 0.618442, -0.791721, -0.0254721, -0.319058, 1.79608, 0.883193, -1.61543, 1.61669;
0.362104, -0.556793, -0.172813, 1.51273, -0.372431, 0.621144, -0.785581, -0.0219723, -0.319057, 1.79758, 0.883193, -1.61543, 1.61669;
0.357323, -0.553436, -0.164593, 1.50859, -0.374622, 0.623892, -0.779447, -0.0184725, -0.319057, 1.79908, 0.883192, -1.61543, 1.6167;
0.352564, -0.550071, -0.156363, 1.50439, -0.376865, 0.626685, -0.773319, -0.0149727, -0.319057, 1.80058, 0.883192, -1.61543, 1.6167;
0.347829, -0.546697, -0.148124, 1.50012, -0.37916, 0.629524, -0.767198, -0.0114729, -0.319057, 1.80208, 0.883191, -1.61543, 1.6167;
0.343117, -0.543315, -0.139876, 1.49578, -0.381509, 0.63241, -0.761084, -0.00797309, -0.319057, 1.80358, 0.883191, -1.61543, 1.6167;
0.33843, -0.539922, -0.131617, 1.49138, -0.38391, 0.635341, -0.754978, -0.0044733, -0.319056, 1.80508, 0.88319, -1.61543, 1.6167;
0.333766, -0.536518, -0.123349, 1.48691, -0.386365, 0.638318, -0.748881, -0.000973516, -0.319056, 1.80658, 0.88319, -1.61543, 1.6167;
0.329126, -0.533103, -0.115071, 1.48237, -0.388874, 0.641342, -0.742793, 0.00252626, -0.319056, 1.80808, 0.883189, -1.61543, 1.6167;
0.324511, -0.529674, -0.106781, 1.47777, -0.391437, 0.644412, -0.736714, 0.00602603, -0.319056, 1.80958, 0.883189, -1.61543, 1.6167;
0.31992, -0.526232, -0.0984808, 1.4731, -0.394054, 0.647529, -0.730646, 0.00952579, -0.319056, 1.81108, 0.883188, -1.61543, 1.6167;
0.315354, -0.522774, -0.0901688, 1.46836, -0.396726, 0.650693, -0.724588, 0.0130255, -0.319055, 1.81258, 0.883187, -1.61543, 1.6167;
0.310813, -0.519301, -0.0818447, 1.46356, -0.399453, 0.653904, -0.718541, 0.0165253, -0.319055, 1.81408, 0.883187, -1.61543, 1.6167;
0.306296, -0.515812, -0.0735079, 1.45869, -0.402237, 0.657162, -0.712505, 0.020025, -0.319055, 1.81558, 0.883186, -1.61543, 1.6167;
0.301804, -0.512305, -0.0651577, 1.45375, -0.405076, 0.660469, -0.706482, 0.0235248, -0.319055, 1.81708, 0.883186, -1.61543, 1.6167;
0.297337, -0.508779, -0.0567936, 1.44874, -0.407973, 0.663823, -0.700471, 0.0270245, -0.319055, 1.81858, 0.883185, -1.61543, 1.6167;
0.292895, -0.505234, -0.0484146, 1.44367, -0.410927, 0.667225, -0.694473, 0.0305242, -0.319055, 1.82008, 0.883184, -1.61543, 1.6167;
0.288477, -0.501668, -0.0400201, 1.43853, -0.413939, 0.670676, -0.688489, 0.0340239, -0.319054, 1.82158, 0.883184, -1.61543, 1.6167;
0.284085, -0.498081, -0.0316092, 1.43332, -0.41701, 0.674176, -0.682518, 0.0375236, -0.319054, 1.82308, 0.883183, -1.61543, 1.6167;
0.284108, -0.498078, -0.0316229, 1.43329, -0.417005, 0.674195, -0.682561, 0.0375203, -0.319048, 1.82309, 0.883204, -1.61541, 1.61669;
0.284108, -0.498078, -0.0316229, 1.43329, -0.417005, 0.674195, -0.682561, 0.0375203, -0.319048, 1.82309, 0.883204, -1.61541, 1.61669;
0.284108, -0.498078, -0.0316229, 1.43329, -0.417005, 0.674195, -0.682561, 0.0375203, -0.319048, 1.82309, 0.883204, -1.61541, 1.61669;
0.284108, -0.498078, -0.0316229, 1.43329, -0.417005, 0.674195, -0.682561, 0.0375203, -0.319048, 1.82309, 0.883204, -1.61541, 1.61669;
0.284108, -0.498078, -0.0316229, 1.43329, -0.417005, 0.674195, -0.682561, 0.0375203, -0.319048, 1.82309, 0.883204, -1.61541, 1.61669;
0.284108, -0.498078, -0.0316229, 1.43329, -0.417005, 0.674195, -0.682561, 0.0375203, -0.319048, 1.82309, 0.883204, -1.61541, 1.61669;
0.284108, -0.498078, -0.0316229, 1.43329, -0.417005, 0.674195, -0.682561, 0.0375203, -0.319048, 1.82309, 0.883204, -1.61541, 1.61669;
0.284108, -0.498078, -0.0316229, 1.43329, -0.417005, 0.674195, -0.682561, 0.0375203, -0.319048, 1.82309, 0.883204, -1.61541, 1.61669;
0.284108, -0.498078, -0.0316229, 1.43329, -0.417005, 0.674195, -0.682561, 0.0375203, -0.319048, 1.82309, 0.883204, -1.61541, 1.61669;
0.284108, -0.498078, -0.0316229, 1.43329, -0.417005, 0.674195, -0.682561, 0.0375203, -0.319048, 1.82309, 0.883204, -1.61541, 1.61669;
0.284108, -0.498078, -0.0316229, 1.43329, -0.417005, 0.674195, -0.682561, 0.0375203, -0.319048, 1.82309, 0.883204, -1.61541, 1.61669;
0.284108, -0.498078, -0.0316229, 1.43329, -0.417005, 0.674195, -0.682561, 0.0375203, -0.319048, 1.82309, 0.883204, -1.61541, 1.61669;
0.284108, -0.498078, -0.0316229, 1.43329, -0.417005, 0.674195, -0.682561, 0.0375203, -0.319048, 1.82309, 0.883204, -1.61541, 1.61669;
0.284108, -0.498078, -0.0316229, 1.43329, -0.417005, 0.674195, -0.682561, 0.0375203, -0.319048, 1.82309, 0.883204, -1.61541, 1.61669;
0.284108, -0.498078, -0.0316229, 1.43329, -0.417005, 0.674195, -0.682561, 0.0375203, -0.319048, 1.82309, 0.883204, -1.61541, 1.61669;
0.284108, -0.498078, -0.0316229, 1.43329, -0.417005, 0.674195, -0.682561, 0.0375203, -0.319048, 1.82309, 0.883204, -1.61541, 1.61669;
0.284108, -0.498078, -0.0316229, 1.43329, -0.417005, 0.674195, -0.682561, 0.0375203, -0.319048, 1.82309, 0.883204, -1.61541, 1.61669;
0.284108, -0.498078, -0.0316229, 1.43329, -0.417005, 0.674195, -0.682561, 0.0375203, -0.319048, 1.82309, 0.883204, -1.61541, 1.61669;
0.284108, -0.498078, -0.0316229, 1.43329, -0.417005, 0.674195, -0.682561, 0.0375203, -0.319048, 1.82309, 0.883204, -1.61541, 1.61669;
0.284108, -0.498078, -0.0316229, 1.43329, -0.417005, 0.674195, -0.682561, 0.0375203, -0.319048, 1.82309, 0.883204, -1.61541, 1.61669;
0.284108, -0.498078, -0.0316229, 1.43329, -0.417005, 0.674195, -0.682561, 0.0375203, -0.319048, 1.82309, 0.883204, -1.61541, 1.61669;
0.284108, -0.498078, -0.0316229, 1.43329, -0.417005, 0.674195, -0.682561, 0.0375203, -0.319048, 1.82309, 0.883204, -1.61541, 1.61669;
0.284108, -0.498078, -0.0316229, 1.43329, -0.417005, 0.674195, -0.682561, 0.0375203, -0.319048, 1.82309, 0.883204, -1.61541, 1.61669;
0.284108, -0.498078, -0.0316229, 1.43329, -0.417005, 0.674195, -0.682561, 0.0375203, -0.319048, 1.82309, 0.883204, -1.61541, 1.61669;
0.284108, -0.498078, -0.0316229, 1.43329, -0.417005, 0.674195, -0.682561, 0.0375203, -0.319048, 1.82309, 0.883204, -1.61541, 1.61669;
0.284108, -0.498078, -0.0316229, 1.43329, -0.417005, 0.674195, -0.682561, 0.0375203, -0.319048, 1.82309, 0.883204, -1.61541, 1.61669;
0.284108, -0.498078, -0.0316229, 1.43329, -0.417005, 0.674195, -0.682561, 0.0375203, -0.319048, 1.82309, 0.883204, -1.61541, 1.61669;
0.284108, -0.498078, -0.0316229, 1.43329, -0.417005, 0.674195, -0.682561, 0.0375203, -0.319048, 1.82309, 0.883204, -1.61541, 1.61669;
0.284108, -0.498078, -0.0316229, 1.43329, -0.417005, 0.674195, -0.682561, 0.0375203, -0.319048, 1.82309, 0.883204, -1.61541, 1.61669;
0.284108, -0.498078, -0.0316229, 1.43329, -0.417005, 0.674195, -0.682561, 0.0375203, -0.319048, 1.82309, 0.883204, -1.61541, 1.61669;
0.284108, -0.498078, -0.0316229, 1.43329, -0.417005, 0.674195, -0.682561, 0.0375203, -0.319048, 1.82309, 0.883204, -1.61541, 1.61669;
0.284108, -0.498078, -0.0316229, 1.43329, -0.417005, 0.674195, -0.682561, 0.0375203, -0.319048, 1.82309, 0.883204, -1.61541, 1.61669;
0.284108, -0.498078, -0.0316229, 1.43329, -0.417005, 0.674195, -0.682561, 0.0375203, -0.319048, 1.82309, 0.883204, -1.61541, 1.61669;
0.284108, -0.498078, -0.0316229, 1.43329, -0.417005, 0.674195, -0.682561, 0.0375203, -0.319048, 1.82309, 0.883204, -1.61541, 1.61669;
0.284108, -0.498078, -0.0316229, 1.43329, -0.417005, 0.674195, -0.682561, 0.0375203, -0.319048, 1.82309, 0.883204, -1.61541, 1.61669;
0.284108, -0.498078, -0.0316229, 1.43329, -0.417005, 0.674195, -0.682561, 0.0375203, -0.319048, 1.82309, 0.883204, -1.61541, 1.61669;
0.284108, -0.498078, -0.0316229, 1.43329, -0.417005, 0.674195, -0.682561, 0.0375203, -0.319048, 1.82309, 0.883204, -1.61541, 1.61669;
0.284108, -0.498078, -0.0316229, 1.43329, -0.417005, 0.674195, -0.682561, 0.0375203, -0.319048, 1.82309, 0.883204, -1.61541, 1.61669;
0.284108, -0.498078, -0.0316229, 1.43329, -0.417005, 0.674195, -0.682561, 0.0375203, -0.319048, 1.82309, 0.883204, -1.61541, 1.61669;
0.284108, -0.498078, -0.0316229, 1.43329, -0.417005, 0.674195, -0.682561, 0.0375203, -0.319048, 1.82309, 0.883204, -1.61541, 1.61669;
0.284108, -0.498078, -0.0316229, 1.43329, -0.417005, 0.674195, -0.682561, 0.0375203, -0.319048, 1.82309, 0.883204, -1.61541, 1.61669;
0.284108, -0.498078, -0.0316229, 1.43329, -0.417005, 0.674195, -0.682561, 0.0375203, -0.319048, 1.82309, 0.883204, -1.61541, 1.61669;
0.284108, -0.498078, -0.0316229, 1.43329, -0.417005, 0.674195, -0.682561, 0.0375203, -0.319048, 1.82309, 0.883204, -1.61541, 1.61669;
0.284108, -0.498078, -0.0316229, 1.43329, -0.417005, 0.674195, -0.682561, 0.0375203, -0.319048, 1.82309, 0.883204, -1.61541, 1.61669;
0.284108, -0.498078, -0.0316229, 1.43329, -0.417005, 0.674195, -0.682561, 0.0375203, -0.319048, 1.82309, 0.883204, -1.61541, 1.61669;
0.284108, -0.498078, -0.0316229, 1.43329, -0.417005, 0.674195, -0.682561, 0.0375203, -0.319048, 1.82309, 0.883204, -1.61541, 1.61669;
0.284108, -0.498078, -0.0316229, 1.43329, -0.417005, 0.674195, -0.682561, 0.0375203, -0.319048, 1.82309, 0.883204, -1.61541, 1.61669;
0.284108, -0.498078, -0.0316229, 1.43329, -0.417005, 0.674195, -0.682561, 0.0375203, -0.319048, 1.82309, 0.883204, -1.61541, 1.61669;
0.284108, -0.498078, -0.0316229, 1.43329, -0.417005, 0.674195, -0.682561, 0.0375203, -0.319048, 1.82309, 0.883204, -1.61541, 1.61669;
0.284108, -0.498078, -0.0316229, 1.43329, -0.417005, 0.674195, -0.682561, 0.0375203, -0.319048, 1.82309, 0.883204, -1.61541, 1.61669;
0.284108, -0.498078, -0.0316229, 1.43329, -0.417005, 0.674195, -0.682561, 0.0375203, -0.319048, 1.82309, 0.883204, -1.61541, 1.61669;
0.284108, -0.498078, -0.0316229, 1.43329, -0.417005, 0.674195, -0.682561, 0.0375203, -0.319048, 1.82309, 0.883204, -1.61541, 1.61669;
0.284108, -0.498078, -0.0316229, 1.43329, -0.417005, 0.674195, -0.682561, 0.0375203, -0.319048, 1.82309, 0.883204, -1.61541, 1.61669;
0.284108, -0.498078, -0.0316229, 1.43329, -0.417005, 0.674195, -0.682561, 0.0375203, -0.319048, 1.82309, 0.883204, -1.61541, 1.61669;
0.284108, -0.498078, -0.0316229, 1.43329, -0.417005, 0.674195, -0.682561, 0.0375203, -0.319048, 1.82309, 0.883204, -1.61541, 1.61669;
0.284108, -0.498078, -0.0316229, 1.43329, -0.417005, 0.674195, -0.682561, 0.0375203, -0.319048, 1.82309, 0.883204, -1.61541, 1.61669;
0.284108, -0.498078, -0.0316229, 1.43329, -0.417005, 0.674195, -0.682561, 0.0375203, -0.319048, 1.82309, 0.883204, -1.61541, 1.61669;
0.284108, -0.498078, -0.0316229, 1.43329, -0.417005, 0.674195, -0.682561, 0.0375203, -0.319048, 1.82309, 0.883204, -1.61541, 1.61669;
0.284108, -0.498078, -0.0316229, 1.43329, -0.417005, 0.674195, -0.682561, 0.0375203, -0.319048, 1.82309, 0.883204, -1.61541, 1.61669;
0.284108, -0.498078, -0.0316229, 1.43329, -0.417005, 0.674195, -0.682561, 0.0375203, -0.319048, 1.82309, 0.883204, -1.61541, 1.61669;
0.284108, -0.498078, -0.0316229, 1.43329, -0.417005, 0.674195, -0.682561, 0.0375203, -0.319048, 1.82309, 0.883204, -1.61541, 1.61669;
0.284108, -0.498078, -0.0316229, 1.43329, -0.417005, 0.674195, -0.682561, 0.0375203, -0.319048, 1.82309, 0.883204, -1.61541, 1.61669;
0.284108, -0.498078, -0.0316229, 1.43329, -0.417005, 0.674195, -0.682561, 0.0375203, -0.319048, 1.82309, 0.883204, -1.61541, 1.61669;
0.284108, -0.498078, -0.0316229, 1.43329, -0.417005, 0.674195, -0.682561, 0.0375203, -0.319048, 1.82309, 0.883204, -1.61541, 1.61669;
0.284108, -0.498078, -0.0316229, 1.43329, -0.417005, 0.674195, -0.682561, 0.0375203, -0.319048, 1.82309, 0.883204, -1.61541, 1.61669;
0.284108, -0.498078, -0.0316229, 1.43329, -0.417005, 0.674195, -0.682561, 0.0375203, -0.319048, 1.82309, 0.883204, -1.61541, 1.61669;
0.284108, -0.498078, -0.0316229, 1.43329, -0.417005, 0.674195, -0.682561, 0.0375203, -0.319048, 1.82309, 0.883204, -1.61541, 1.61669;
0.284108, -0.498078, -0.0316229, 1.43329, -0.417005, 0.674195, -0.682561, 0.0375203, -0.319048, 1.82309, 0.883204, -1.61541, 1.61669;
0.284108, -0.498078, -0.0316229, 1.43329, -0.417005, 0.674195, -0.682561, 0.0375203, -0.319048, 1.82309, 0.883204, -1.61541, 1.61669;
0.284108, -0.498078, -0.0316229, 1.43329, -0.417005, 0.674195, -0.682561, 0.0375203, -0.319048, 1.82309, 0.883204, -1.61541, 1.61669;
0.284108, -0.498078, -0.0316229, 1.43329, -0.417005, 0.674195, -0.682561, 0.0375203, -0.319048, 1.82309, 0.883204, -1.61541, 1.61669;
0.284108, -0.498078, -0.0316229, 1.43329, -0.417005, 0.674195, -0.682561, 0.0375203, -0.319048, 1.82309, 0.883204, -1.61541, 1.61669;
0.284108, -0.498078, -0.0316229, 1.43329, -0.417005, 0.674195, -0.682561, 0.0375203, -0.319048, 1.82309, 0.883204, -1.61541, 1.61669;
0.284108, -0.498078, -0.0316229, 1.43329, -0.417005, 0.674195, -0.682561, 0.0375203, -0.319048, 1.82309, 0.883204, -1.61541, 1.61669;
0.284108, -0.498078, -0.0316229, 1.43329, -0.417005, 0.674195, -0.682561, 0.0375203, -0.319048, 1.82309, 0.883204, -1.61541, 1.61669;
0.284108, -0.498078, -0.0316229, 1.43329, -0.417005, 0.674195, -0.682561, 0.0375203, -0.319048, 1.82309, 0.883204, -1.61541, 1.61669;
0.284108, -0.498078, -0.0316229, 1.43329, -0.417005, 0.674195, -0.682561, 0.0375203, -0.319048, 1.82309, 0.883204, -1.61541, 1.61669;
0.284108, -0.498078, -0.0316229, 1.43329, -0.417005, 0.674195, -0.682561, 0.0375203, -0.319048, 1.82309, 0.883204, -1.61541, 1.61669;
0.284108, -0.498078, -0.0316229, 1.43329, -0.417005, 0.674195, -0.682561, 0.0375203, -0.319048, 1.82309, 0.883204, -1.61541, 1.61669;
0.284108, -0.498078, -0.0316229, 1.43329, -0.417005, 0.674195, -0.682561, 0.0375203, -0.319048, 1.82309, 0.883204, -1.61541, 1.61669;
0.284108, -0.498078, -0.0316229, 1.43329, -0.417005, 0.674195, -0.682561, 0.0375203, -0.319048, 1.82309, 0.883204, -1.61541, 1.61669;
0.284108, -0.498078, -0.0316229, 1.43329, -0.417005, 0.674195, -0.682561, 0.0375203, -0.319048, 1.82309, 0.883204, -1.61541, 1.61669;
0.284108, -0.498078, -0.0316229, 1.43329, -0.417005, 0.674195, -0.682561, 0.0375203, -0.319048, 1.82309, 0.883204, -1.61541, 1.61669;
0.284108, -0.498078, -0.0316229, 1.43329, -0.417005, 0.674195, -0.682561, 0.0375203, -0.319048, 1.82309, 0.883204, -1.61541, 1.61669;
0.284108, -0.498078, -0.0316229, 1.43329, -0.417005, 0.674195, -0.682561, 0.0375203, -0.319048, 1.82309, 0.883204, -1.61541, 1.61669;
0.284108, -0.498078, -0.0316229, 1.43329, -0.417005, 0.674195, -0.682561, 0.0375203, -0.319048, 1.82309, 0.883204, -1.61541, 1.61669;
0.284108, -0.498078, -0.0316229, 1.43329, -0.417005, 0.674195, -0.682561, 0.0375203, -0.319048, 1.82309, 0.883204, -1.61541, 1.61669;
0.284108, -0.498078, -0.0316229, 1.43329, -0.417005, 0.674195, -0.682561, 0.0375203, -0.319048, 1.82309, 0.883204, -1.61541, 1.61669;
0.284108, -0.498078, -0.0316229, 1.43329, -0.417005, 0.674195, -0.682561, 0.0375203, -0.319048, 1.82309, 0.883204, -1.61541, 1.61669;
0.284108, -0.498078, -0.0316229, 1.43329, -0.417005, 0.674195, -0.682561, 0.0375203, -0.319048, 1.82309, 0.883204, -1.61541, 1.61669;
0.284108, -0.498078, -0.0316229, 1.43329, -0.417005, 0.674195, -0.682561, 0.0375203, -0.319048, 1.82309, 0.883204, -1.61541, 1.61669;
0.284108, -0.498078, -0.0316229, 1.43329, -0.417005, 0.674195, -0.682561, 0.0375203, -0.319048, 1.82309, 0.883204, -1.61541, 1.61669;
0.284108, -0.498078, -0.0316229, 1.43329, -0.417005, 0.674195, -0.682561, 0.0375203, -0.319048, 1.82309, 0.883204, -1.61541, 1.61669;
0.284108, -0.498078, -0.0316229, 1.43329, -0.417005, 0.674195, -0.682561, 0.0375203, -0.319048, 1.82309, 0.883204, -1.61541, 1.61669;
0.284108, -0.498078, -0.0316229, 1.43329, -0.417005, 0.674195, -0.682561, 0.0375203, -0.319048, 1.82309, 0.883204, -1.61541, 1.61669;
0.284108, -0.498078, -0.0316229, 1.43329, -0.417005, 0.674195, -0.682561, 0.0375203, -0.319048, 1.82309, 0.883204, -1.61541, 1.61669;
0.284108, -0.498078, -0.0316229, 1.43329, -0.417005, 0.674195, -0.682561, 0.0375203, -0.319048, 1.82309, 0.883204, -1.61541, 1.61669;
0.284108, -0.498078, -0.0316229, 1.43329, -0.417005, 0.674195, -0.682561, 0.0375203, -0.319048, 1.82309, 0.883204, -1.61541, 1.61669;
0.284108, -0.498078, -0.0316229, 1.43329, -0.417005, 0.674195, -0.682561, 0.0375203, -0.319048, 1.82309, 0.883204, -1.61541, 1.61669;
0.284108, -0.498078, -0.0316229, 1.43329, -0.417005, 0.674195, -0.682561, 0.0375203, -0.319048, 1.82309, 0.883204, -1.61541, 1.61669;
0.291154, -0.50008, -0.0406338, 1.43499, -0.416154, 0.67305, -0.697487, 0.0342488, -0.319082, 1.8227, 0.889955, -1.60858, 1.60985;
0.29818, -0.502133, -0.0495715, 1.43663, -0.415382, 0.671986, -0.712381, 0.0309839, -0.319082, 1.82232, 0.896655, -1.60172, 1.60299;
0.305219, -0.504199, -0.0584919, 1.43824, -0.414658, 0.670953, -0.727265, 0.0277154, -0.319083, 1.82194, 0.903316, -1.59485, 1.59611;
0.312271, -0.506279, -0.067395, 1.43981, -0.413983, 0.669952, -0.742139, 0.0244431, -0.319083, 1.82156, 0.90994, -1.58797, 1.58923;
0.319337, -0.508374, -0.0762806, 1.44133, -0.413358, 0.668983, -0.757003, 0.0211669, -0.319083, 1.82117, 0.916527, -1.58108, 1.58233;
0.326416, -0.510483, -0.0851483, 1.44281, -0.412782, 0.668047, -0.771856, 0.0178869, -0.319083, 1.82078, 0.923076, -1.57417, 1.57542;
0.333508, -0.512608, -0.0939977, 1.44425, -0.412256, 0.667143, -0.786698, 0.0146029, -0.319083, 1.82039, 0.929587, -1.56726, 1.5685;
0.340613, -0.514749, -0.102829, 1.44565, -0.41178, 0.666271, -0.801528, 0.0113151, -0.319083, 1.82, 0.936062, -1.56033, 1.56157;
0.347731, -0.516906, -0.111641, 1.447, -0.411355, 0.665433, -0.816347, 0.00802329, -0.319084, 1.81961, 0.942499, -1.5534, 1.55462;
0.354862, -0.51908, -0.120433, 1.44831, -0.410981, 0.664627, -0.831153, 0.00472756, -0.319084, 1.81921, 0.948899, -1.54645, 1.54767;
0.362006, -0.521272, -0.129205, 1.44958, -0.410659, 0.663855, -0.845946, 0.00142785, -0.319084, 1.81881, 0.955263, -1.53949, 1.54071;
0.369162, -0.523481, -0.137958, 1.45081, -0.410388, 0.663116, -0.860726, -0.00187585, -0.319084, 1.81841, 0.961589, -1.53253, 1.53374;
0.37633, -0.525709, -0.146689, 1.45199, -0.410169, 0.662411, -0.875493, -0.00518357, -0.319084, 1.81801, 0.967878, -1.52555, 1.52675;
0.383511, -0.527956, -0.155398, 1.45312, -0.410002, 0.66174, -0.890246, -0.00849532, -0.319085, 1.81761, 0.974131, -1.51856, 1.51976;
0.390704, -0.530223, -0.164086, 1.45421, -0.409888, 0.661103, -0.904984, -0.0118111, -0.319085, 1.8172, 0.980348, -1.51156, 1.51275;
0.397909, -0.532509, -0.17275, 1.45526, -0.409826, 0.660501, -0.919708, -0.015131, -0.319085, 1.81679, 0.986527, -1.50455, 1.50574;
0.405125, -0.534816, -0.181392, 1.45626, -0.409818, 0.659933, -0.934417, -0.0184549, -0.319085, 1.81638, 0.992671, -1.49753, 1.49871;
0.412352, -0.537143, -0.190009, 1.45722, -0.409864, 0.6594, -0.94911, -0.021783, -0.319085, 1.81597, 0.998777, -1.4905, 1.49168;
0.41959, -0.539492, -0.198601, 1.45813, -0.409963, 0.658902, -0.963788, -0.0251152, -0.319086, 1.81556, 1.00485, -1.48346, 1.48463;
0.426838, -0.541863, -0.207168, 1.459, -0.410117, 0.65844, -0.97845, -0.0284515, -0.319086, 1.81514, 1.01088, -1.47642, 1.47758;
0.434096, -0.544256, -0.215709, 1.45981, -0.410324, 0.658013, -0.993095, -0.031792, -0.319086, 1.81473, 1.01688, -1.46936, 1.47051;
0.441365, -0.546672, -0.224223, 1.46059, -0.410587, 0.657622, -1.00772, -0.0351366, -0.319086, 1.81431, 1.02284, -1.46229, 1.46344;
0.448642, -0.549111, -0.232708, 1.46131, -0.410904, 0.657268, -1.02233, -0.0384855, -0.319086, 1.81389, 1.02877, -1.45521, 1.45635;
0.455929, -0.551574, -0.241165, 1.46199, -0.411276, 0.65695, -1.03693, -0.0418385, -0.319087, 1.81347, 1.03466, -1.44812, 1.44926;
0.463224, -0.554061, -0.249593, 1.46262, -0.411703, 0.656668, -1.05151, -0.0451958, -0.319087, 1.81305, 1.04051, -1.44103, 1.44216;
0.470527, -0.556572, -0.257989, 1.4632, -0.412186, 0.656424, -1.06606, -0.0485573, -0.319087, 1.81262, 1.04633, -1.43392, 1.43505;
0.477837, -0.559109, -0.266355, 1.46374, -0.412725, 0.656216, -1.0806, -0.051923, -0.319087, 1.8122, 1.05212, -1.42681, 1.42792;
0.485155, -0.561671, -0.274688, 1.46422, -0.413319, 0.656046, -1.09513, -0.055293, -0.319087, 1.81177, 1.05787, -1.41968, 1.42079;
0.492479, -0.564258, -0.282988, 1.46466, -0.413969, 0.655914, -1.10963, -0.0586673, -0.319088, 1.81134, 1.06358, -1.41255, 1.41365;
0.499809, -0.566872, -0.291253, 1.46505, -0.414675, 0.65582, -1.12411, -0.0620458, -0.319088, 1.81091, 1.06925, -1.40541, 1.40651;
0.507144, -0.569513, -0.299484, 1.46538, -0.415438, 0.655764, -1.13858, -0.0654286, -0.319088, 1.81048, 1.0749, -1.39825, 1.39935;
0.514484, -0.57218, -0.307678, 1.46567, -0.416256, 0.655747, -1.15303, -0.0688158, -0.319088, 1.81005, 1.0805, -1.39109, 1.39218;
0.521829, -0.574874, -0.315835, 1.46591, -0.417131, 0.655768, -1.16745, -0.0722073, -0.319088, 1.80962, 1.08607, -1.38393, 1.38501;
0.529176, -0.577596, -0.323953, 1.4661, -0.418061, 0.655828, -1.18186, -0.0756031, -0.319089, 1.80919, 1.09161, -1.37675, 1.37782;
0.536527, -0.580346, -0.332032, 1.46624, -0.419048, 0.655928, -1.19625, -0.0790032, -0.319089, 1.80875, 1.09711, -1.36956, 1.37063;
0.543881, -0.583125, -0.340071, 1.46632, -0.420092, 0.656068, -1.21062, -0.0824077, -0.319089, 1.80832, 1.10258, -1.36237, 1.36343;
0.551235, -0.585931, -0.348068, 1.46636, -0.421191, 0.656247, -1.22497, -0.0858165, -0.319089, 1.80788, 1.10801, -1.35516, 1.35622;
0.558591, -0.588767, -0.356022, 1.46634, -0.422346, 0.656466, -1.2393, -0.0892297, -0.319089, 1.80744, 1.11341, -1.34795, 1.349;
0.565948, -0.591632, -0.363933, 1.46627, -0.423557, 0.656726, -1.25361, -0.0926473, -0.319089, 1.807, 1.11877, -1.34073, 1.34178;
0.573303, -0.594525, -0.371799, 1.46615, -0.424824, 0.657026, -1.2679, -0.0960693, -0.31909, 1.80656, 1.1241, -1.3335, 1.33454;
0.580658, -0.597449, -0.379619, 1.46597, -0.426146, 0.657367, -1.28217, -0.0994957, -0.31909, 1.80612, 1.12939, -1.32627, 1.3273;
0.588011, -0.600402, -0.387392, 1.46574, -0.427524, 0.65775, -1.29642, -0.102926, -0.31909, 1.80568, 1.13465, -1.31902, 1.32005;
0.595361, -0.603384, -0.395116, 1.46546, -0.428956, 0.658174, -1.31065, -0.106362, -0.31909, 1.80524, 1.13987, -1.31177, 1.31279;
0.602708, -0.606397, -0.402791, 1.46512, -0.430443, 0.658639, -1.32487, -0.109801, -0.31909, 1.8048, 1.14506, -1.30451, 1.30553;
0.610052, -0.60944, -0.410416, 1.46473, -0.431985, 0.659147, -1.33906, -0.113245, -0.319091, 1.80436, 1.15022, -1.29724, 1.29825;
0.61739, -0.612513, -0.417989, 1.46429, -0.433581, 0.659696, -1.35324, -0.116694, -0.319091, 1.80392, 1.15534, -1.28997, 1.29097;
0.624723, -0.615616, -0.42551, 1.46379, -0.43523, 0.660288, -1.36739, -0.120147, -0.319091, 1.80347, 1.16043, -1.28268, 1.28368;
0.63205, -0.61875, -0.432977, 1.46324, -0.436932, 0.660922, -1.38153, -0.123604, -0.319091, 1.80303, 1.16548, -1.27539, 1.27638;
0.639369, -0.621914, -0.440388, 1.46262, -0.438687, 0.6616, -1.39565, -0.127066, -0.319091, 1.80258, 1.1705, -1.26809, 1.26908;
0.646681, -0.625109, -0.447744, 1.46196, -0.440495, 0.66232, -1.40975, -0.130532, -0.319091, 1.80214, 1.17549, -1.26079, 1.26177;
0.653985, -0.628333, -0.455043, 1.46124, -0.442354, 0.663084, -1.42383, -0.134002, -0.319092, 1.80169, 1.18044, -1.25347, 1.25445;
0.661279, -0.631589, -0.462283, 1.46046, -0.444264, 0.663891, -1.4379, -0.137478, -0.319092, 1.80125, 1.18536, -1.24615, 1.24712;
0.668564, -0.634874, -0.469464, 1.45962, -0.446224, 0.664742, -1.45195, -0.140957, -0.319092, 1.8008, 1.19024, -1.23882, 1.23978;
0.675837, -0.638189, -0.476585, 1.45872, -0.448235, 0.665637, -1.46598, -0.144441, -0.319092, 1.80036, 1.19509, -1.23149, 1.23244;
0.683099, -0.641535, -0.483645, 1.45777, -0.450294, 0.666576, -1.48, -0.147929, -0.319092, 1.79991, 1.19991, -1.22415, 1.22509;
0.69035, -0.64491, -0.490642, 1.45676, -0.452402, 0.667559, -1.494, -0.151422, -0.319092, 1.79947, 1.20469, -1.2168, 1.21774;
0.697587, -0.648315, -0.497575, 1.45569, -0.454557, 0.668587, -1.50799, -0.15492, -0.319092, 1.79902, 1.20944, -1.20944, 1.21037;
0.70481, -0.651749, -0.504444, 1.45457, -0.45676, 0.66966, -1.52196, -0.158422, -0.319093, 1.79857, 1.21416, -1.20207, 1.203;
0.71202, -0.655213, -0.511248, 1.45338, -0.459008, 0.670777, -1.53592, -0.161928, -0.319093, 1.79813, 1.21884, -1.1947, 1.19563;
0.719214, -0.658705, -0.517986, 1.45213, -0.461302, 0.671939, -1.54986, -0.165439, -0.319093, 1.79768, 1.22349, -1.18732, 1.18824;
0.726393, -0.662226, -0.524656, 1.45083, -0.46364, 0.673147, -1.5638, -0.168954, -0.319093, 1.79724, 1.22811, -1.17994, 1.18085;
0.733556, -0.665775, -0.531259, 1.44946, -0.466021, 0.674399, -1.57772, -0.172473, -0.319093, 1.79679, 1.23269, -1.17255, 1.17345;
0.740701, -0.669352, -0.537792, 1.44803, -0.468445, 0.675697, -1.59162, -0.175998, -0.319093, 1.79635, 1.23724, -1.16515, 1.16605;
0.74783, -0.672956, -0.544256, 1.44654, -0.47091, 0.677041, -1.60552, -0.179526, -0.319093, 1.7959, 1.24176, -1.15775, 1.15864;
0.75494, -0.676588, -0.550648, 1.44499, -0.473416, 0.67843, -1.61941, -0.183059, -0.319093, 1.79546, 1.24625, -1.15033, 1.15122;
0.762031, -0.680246, -0.55697, 1.44338, -0.475961, 0.679865, -1.63329, -0.186597, -0.319093, 1.79501, 1.2507, -1.14292, 1.1438;
0.769103, -0.68393, -0.563219, 1.44171, -0.478545, 0.681346, -1.64716, -0.190138, -0.319093, 1.79457, 1.25512, -1.13549, 1.13637;
0.776156, -0.68764, -0.569396, 1.43997, -0.481166, 0.682873, -1.66102, -0.193685, -0.319093, 1.79412, 1.2595, -1.12806, 1.12893;
0.783188, -0.691374, -0.575499, 1.43817, -0.483823, 0.684445, -1.67487, -0.197235, -0.319094, 1.79368, 1.26386, -1.12063, 1.12149;
0.790199, -0.695133, -0.581528, 1.43631, -0.486516, 0.686064, -1.68872, -0.200791, -0.319094, 1.79324, 1.26818, -1.11318, 1.11404;
0.797189, -0.698916, -0.587482, 1.43438, -0.489242, 0.687729, -1.70256, -0.20435, -0.319094, 1.7928, 1.27247, -1.10573, 1.10658;
0.804157, -0.702723, -0.59336, 1.43239, -0.492001, 0.68944, -1.7164, -0.207914, -0.319094, 1.79236, 1.27673, -1.09828, 1.09912;
0.811103, -0.706551, -0.599163, 1.43033, -0.494792, 0.691197, -1.73023, -0.211483, -0.319094, 1.79192, 1.28095, -1.09082, 1.09165;
0.818026, -0.710402, -0.604889, 1.42821, -0.497613, 0.693001, -1.74406, -0.215056, -0.319094, 1.79148, 1.28514, -1.08335, 1.08418;
0.824927, -0.714273, -0.610538, 1.42603, -0.500463, 0.69485, -1.75789, -0.218633, -0.319094, 1.79104, 1.2893, -1.07588, 1.0767;
0.831804, -0.718165, -0.61611, 1.42378, -0.503341, 0.696746, -1.77171, -0.222214, -0.319094, 1.7906, 1.29343, -1.0684, 1.06922;
0.838657, -0.722077, -0.621604, 1.42146, -0.506246, 0.698688, -1.78554, -0.2258, -0.319094, 1.79016, 1.29752, -1.06091, 1.06172;
0.845487, -0.726007, -0.62702, 1.41907, -0.509177, 0.700676, -1.79936, -0.229391, -0.319094, 1.78972, 1.30158, -1.05342, 1.05423;
0.852293, -0.729955, -0.632358, 1.41662, -0.512132, 0.70271, -1.81319, -0.232985, -0.319094, 1.78929, 1.30561, -1.04592, 1.04672;
0.859074, -0.73392, -0.637616, 1.4141, -0.51511, 0.70479, -1.82701, -0.236584, -0.319094, 1.78885, 1.30961, -1.03842, 1.03922;
0.86583, -0.737902, -0.642796, 1.41152, -0.518109, 0.706917, -1.84085, -0.240188, -0.319094, 1.78842, 1.31358, -1.03091, 1.0317;
0.872562, -0.741899, -0.647897, 1.40886, -0.52113, 0.709089, -1.85468, -0.243796, -0.319094, 1.78799, 1.31751, -1.0234, 1.02418;
0.879268, -0.74591, -0.652918, 1.40614, -0.524169, 0.711307, -1.86852, -0.247408, -0.319094, 1.78756, 1.32141, -1.01588, 1.01666;
0.88595, -0.749935, -0.657859, 1.40335, -0.527226, 0.713571, -1.88236, -0.251024, -0.319094, 1.78712, 1.32528, -1.00836, 1.00913;
0.892606, -0.753972, -0.662721, 1.40048, -0.5303, 0.71588, -1.89622, -0.254645, -0.319094, 1.7867, 1.32912, -1.00083, 1.00159;
0.899237, -0.75802, -0.667503, 1.39755, -0.533389, 0.718235, -1.91007, -0.25827, -0.319094, 1.78627, 1.33293, -0.993293, 0.99405;
0.905843, -0.762079, -0.672205, 1.39455, -0.536493, 0.720636, -1.92394, -0.261899, -0.319094, 1.78584, 1.33671, -0.985753, 0.986504;
0.912423, -0.766147, -0.676827, 1.39148, -0.539609, 0.723082, -1.93782, -0.265532, -0.319094, 1.78542, 1.34045, -0.978207, 0.978952;
0.918978, -0.770224, -0.68137, 1.38833, -0.542737, 0.725573, -1.9517, -0.26917, -0.319094, 1.78499, 1.34416, -0.970657, 0.971395;
0.925508, -0.774308, -0.685833, 1.38511, -0.545875, 0.728109, -1.9656, -0.272812, -0.319094, 1.78457, 1.34784, -0.963101, 0.963833;
0.932012, -0.778398, -0.690217, 1.38183, -0.549022, 0.730689, -1.97951, -0.276458, -0.319094, 1.78415, 1.35149, -0.95554, 0.956266;
0.938492, -0.782493, -0.694521, 1.37846, -0.552178, 0.733315, -1.99343, -0.280109, -0.319093, 1.78373, 1.35511, -0.947974, 0.948694;
0.944946, -0.786593, -0.698745, 1.37503, -0.55534, 0.735985, -2.00736, -0.283763, -0.319093, 1.78331, 1.3587, -0.940403, 0.941117;
0.951375, -0.790695, -0.702891, 1.37152, -0.558507, 0.738699, -2.02131, -0.287422, -0.319093, 1.78289, 1.36225, -0.932827, 0.933535;
0.95778, -0.794798, -0.706958, 1.36794, -0.561679, 0.741457, -2.03527, -0.291085, -0.319093, 1.78248, 1.36577, -0.925247, 0.925948;
0.96416, -0.798902, -0.710946, 1.36428, -0.564854, 0.744259, -2.04925, -0.294752, -0.319093, 1.78206, 1.36927, -0.917661, 0.918357;
0.970516, -0.803006, -0.714856, 1.36055, -0.56803, 0.747105, -2.06325, -0.298423, -0.319093, 1.78165, 1.37273, -0.910071, 0.91076;
0.976848, -0.807107, -0.718688, 1.35674, -0.571208, 0.749994, -2.07726, -0.302098, -0.319093, 1.78124, 1.37616, -0.902476, 0.903159;
0.983156, -0.811205, -0.722443, 1.35286, -0.574385, 0.752927, -2.09129, -0.305778, -0.319093, 1.78083, 1.37956, -0.894876, 0.895554;
0.98944, -0.815299, -0.72612, 1.34889, -0.577561, 0.755902, -2.10534, -0.309461, -0.319093, 1.78043, 1.38292, -0.887272, 0.887943;


medium marker
100
0.0226163, -0.650022, -0.0300963, 1.80004, 0.00329155, 0.419959, -0.0212242, -0.0104924, -0.319153, 1.69342, -8.27522e-06, -2.22073, 2.22213;
0.0452787, -0.650324, -0.0602296, 1.79928, 0.00658944, 0.420455, -0.0424699, -0.0210019, -0.319154, 1.69342, -6.13009e-06, -2.22075, 2.22212;
0.067887, -0.650835, -0.0902837, 1.79802, 0.00985881, 0.421266, -0.0636508, -0.0315035, -0.319154, 1.69342, -4.82622e-06, -2.22075, 2.22212;
0.0904491, -0.65155, -0.120258, 1.79626, 0.0130898, 0.422399, -0.0847576, -0.042005, -0.319154, 1.69342, -3.38946e-06, -2.22075, 2.22212;
0.112952, -0.652464, -0.150128, 1.79399, 0.0162682, 0.423853, -0.105765, -0.0525065, -0.319153, 1.69342, -1.98517e-06, -2.22075, 2.22212;
0.135382, -0.653575, -0.179868, 1.79123, 0.0193805, 0.425627, -0.126648, -0.063008, -0.319153, 1.69342, -6.31593e-07, -2.22074, 2.22213;
0.157727, -0.65488, -0.209456, 1.78797, 0.0224134, 0.427719, -0.147383, -0.0735094, -0.319153, 1.69342, 6.6053e-07, -2.22074, 2.22213;
0.179977, -0.656374, -0.238868, 1.78421, 0.0253545, 0.430127, -0.167947, -0.0840107, -0.319152, 1.69342, 1.88129e-06, -2.22074, 2.22213;
0.202121, -0.658052, -0.268083, 1.77995, 0.028192, 0.432848, -0.188318, -0.0945119, -0.319152, 1.69342, 3.02177e-06, -2.22074, 2.22213;
0.22415, -0.659911, -0.29708, 1.77519, 0.0309148, 0.435879, -0.208476, -0.105013, -0.319151, 1.69342, 4.07409e-06, -2.22074, 2.22213;
0.246056, -0.661943, -0.325841, 1.76994, 0.0335129, 0.439218, -0.2284, -0.115514, -0.319151, 1.69342, 5.03143e-06, -2.22074, 2.22213;
0.267833, -0.664145, -0.354348, 1.76419, 0.0359769, 0.442862, -0.248073, -0.126015, -0.31915, 1.69342, 5.88814e-06, -2.22074, 2.22213;
0.289474, -0.666511, -0.382585, 1.75795, 0.0382983, 0.446807, -0.267479, -0.136516, -0.319149, 1.69342, 6.63951e-06, -2.22074, 2.22213;
0.310975, -0.669033, -0.410537, 1.75123, 0.0404695, 0.451049, -0.2866, -0.147017, -0.319148, 1.69342, 7.28198e-06, -2.22074, 2.22213;
0.332334, -0.671708, -0.43819, 1.74401, 0.0424839, 0.455585, -0.305425, -0.157517, -0.319148, 1.69342, 7.81268e-06, -2.22074, 2.22213;
0.353548, -0.674527, -0.465532, 1.7363, 0.0443354, 0.460411, -0.32394, -0.168018, -0.319147, 1.69342, 8.22992e-06, -2.22074, 2.22213;
0.374617, -0.677487, -0.492553, 1.72811, 0.0460191, 0.465525, -0.342133, -0.178518, -0.319146, 1.69342, 8.53261e-06, -2.22073, 2.22213;
0.395541, -0.68058, -0.519243, 1.71943, 0.0475305, 0.470921, -0.359996, -0.189019, -0.319145, 1.69342, 8.7203e-06, -2.22073, 2.22213;
0.416322, -0.683801, -0.545594, 1.71027, 0.0488662, 0.476596, -0.37752, -0.199519, -0.319144, 1.69342, 8.79312e-06, -2.22073, 2.22213;
0.436963, -0.687145, -0.571599, 1.70063, 0.0500231, 0.482547, -0.394698, -0.210019, -0.319143, 1.69342, 8.75161e-06, -2.22073, 2.22213;
0.457466, -0.690606, -0.597253, 1.69051, 0.0509991, 0.48877, -0.411524, -0.220519, -0.319143, 1.69342, 8.59656e-06, -2.22073, 2.22213;
0.477837, -0.694178, -0.62255, 1.6799, 0.0517922, 0.495262, -0.427992, -0.231019, -0.319142, 1.69342, 8.32882e-06, -2.22073, 2.22212;
0.49808, -0.697859, -0.647487, 1.66882, 0.0524015, 0.502019, -0.444101, -0.241518, -0.319141, 1.69342, 7.94956e-06, -2.22073, 2.22212;
0.518203, -0.701642, -0.672061, 1.65726, 0.0528259, 0.509039, -0.459846, -0.252018, -0.31914, 1.69342, 7.4597e-06, -2.22073, 2.22212;
0.538211, -0.705523, -0.69627, 1.64521, 0.0530653, 0.516318, -0.475227, -0.262518, -0.319139, 1.69342, 6.86e-06, -2.22073, 2.22212;
0.558112, -0.709499, -0.720113, 1.63269, 0.0531197, 0.523854, -0.490244, -0.273017, -0.319138, 1.69342, 6.15127e-06, -2.22072, 2.22212;
0.577914, -0.713567, -0.743589, 1.61969, 0.0529893, 0.531644, -0.504896, -0.283516, -0.319137, 1.69342, 5.33352e-06, -2.22072, 2.22212;
0.597626, -0.717722, -0.766698, 1.6062, 0.0526747, 0.539688, -0.519185, -0.294015, -0.319137, 1.69342, 4.40698e-06, -2.22072, 2.22212;
0.617256, -0.721961, -0.78944, 1.59223, 0.0521768, 0.547982, -0.533112, -0.304515, -0.319136, 1.69342, 3.37108e-06, -2.22072, 2.22212;
0.636813, -0.726283, -0.811817, 1.57777, 0.0514967, 0.556526, -0.546682, -0.315014, -0.319135, 1.69342, 2.22495e-06, -2.22072, 2.22212;
0.656308, -0.730684, -0.833828, 1.56283, 0.0506354, 0.565319, -0.559896, -0.325513, -0.319134, 1.69342, 9.67457e-07, -2.22072, 2.22211;
0.675751, -0.735163, -0.855477, 1.5474, 0.0495943, 0.574359, -0.57276, -0.336011, -0.319134, 1.69342, -4.03366e-07, -2.22072, 2.22211;
0.689463, -0.739294, -0.868417, 1.53751, 0.0448973, 0.580015, -0.587889, -0.342566, -0.319122, 1.69343, 0.011043, -2.21564, 2.21721;
0.691996, -0.742528, -0.864828, 1.53986, 0.033275, 0.578161, -0.608434, -0.34122, -0.319267, 1.69328, 0.0440496, -2.2003, 2.20214;
0.694193, -0.746028, -0.861104, 1.54256, 0.0215744, 0.57648, -0.62898, -0.3399, -0.319267, 1.693, 0.0765832, -2.18487, 2.18669;
0.696393, -0.749551, -0.857419, 1.54534, 0.00985305, 0.574797, -0.649509, -0.338585, -0.319267, 1.69267, 0.108658, -2.1692, 2.171;
0.698611, -0.753105, -0.853784, 1.5482, -0.00189271, 0.573121, -0.670036, -0.33728, -0.319267, 1.69231, 0.140295, -2.1533, 2.15509;
0.700847, -0.756689, -0.8502, 1.55113, -0.0136626, 0.571454, -0.690562, -0.335987, -0.319267, 1.69191, 0.171498, -2.13718, 2.13896;
0.703103, -0.760304, -0.846669, 1.55413, -0.0254561, 0.569797, -0.711088, -0.334706, -0.319267, 1.69147, 0.202271, -2.12084, 2.12261;
0.705379, -0.763949, -0.843195, 1.55719, -0.0372729, 0.568152, -0.731616, -0.333439, -0.319267, 1.69099, 0.232618, -2.10429, 2.10604;
0.707678, -0.767625, -0.839778, 1.56032, -0.0491126, 0.566521, -0.752147, -0.332187, -0.319267, 1.69048, 0.262541, -2.08754, 2.08928;
0.71, -0.771332, -0.83642, 1.56351, -0.0609747, 0.564905, -0.772682, -0.330951, -0.319267, 1.68992, 0.292046, -2.07058, 2.07231;
0.712346, -0.775071, -0.833125, 1.56676, -0.0728588, 0.563306, -0.793222, -0.329732, -0.319267, 1.68933, 0.321134, -2.05344, 2.05514;
0.714718, -0.778841, -0.829893, 1.57006, -0.0847644, 0.561726, -0.813769, -0.328531, -0.319267, 1.68871, 0.349811, -2.0361, 2.03779;
0.717117, -0.782642, -0.826726, 1.57341, -0.0966911, 0.560166, -0.834324, -0.32735, -0.319268, 1.68805, 0.378079, -2.01857, 2.02025;
0.719544, -0.786476, -0.823626, 1.57682, -0.108638, 0.558629, -0.854889, -0.326189, -0.319268, 1.68735, 0.405943, -2.00087, 2.00253;
0.721999, -0.790342, -0.820594, 1.58027, -0.120605, 0.557116, -0.875465, -0.32505, -0.319268, 1.68662, 0.433404, -1.98299, 1.98464;
0.724485, -0.794239, -0.817632, 1.58376, -0.132592, 0.555628, -0.896054, -0.323933, -0.319268, 1.68585, 0.460468, -1.96494, 1.96658;
0.727002, -0.79817, -0.814741, 1.58729, -0.144598, 0.554169, -0.916657, -0.322839, -0.319268, 1.68505, 0.487137, -1.94673, 1.94835;
0.729551, -0.802132, -0.811922, 1.59086, -0.156621, 0.552739, -0.937276, -0.32177, -0.319268, 1.68422, 0.513414, -1.92835, 1.92995;
0.732133, -0.806128, -0.809176, 1.59446, -0.168663, 0.551341, -0.957914, -0.320726, -0.319269, 1.68336, 0.539304, -1.90982, 1.9114;
0.734748, -0.810157, -0.806504, 1.59809, -0.180721, 0.549976, -0.97857, -0.319709, -0.319269, 1.68247, 0.564809, -1.89113, 1.8927;
0.737399, -0.814219, -0.803907, 1.60175, -0.192796, 0.548647, -0.999248, -0.318719, -0.319269, 1.68154, 0.589932, -1.87229, 1.87384;
0.740085, -0.818315, -0.801385, 1.60544, -0.204887, 0.547355, -1.01995, -0.317757, -0.319269, 1.68059, 0.614677, -1.8533, 1.85484;
0.742808, -0.822444, -0.79894, 1.60914, -0.216992, 0.546103, -1.04068, -0.316824, -0.319269, 1.67961, 0.639046, -1.83418, 1.8357;
0.745568, -0.826608, -0.796572, 1.61286, -0.229112, 0.544892, -1.06143, -0.315921, -0.31927, 1.6786, 0.663044, -1.81491, 1.81641;
0.748367, -0.830806, -0.79428, 1.6166, -0.241244, 0.543724, -1.08221, -0.315048, -0.31927, 1.67756, 0.686672, -1.79551, 1.797;
0.751204, -0.835038, -0.792066, 1.62034, -0.253389, 0.542602, -1.10303, -0.314207, -0.31927, 1.6765, 0.709934, -1.77598, 1.77745;
0.754081, -0.839305, -0.789929, 1.6241, -0.265546, 0.541527, -1.12387, -0.313399, -0.31927, 1.67542, 0.732834, -1.75632, 1.75777;
0.756998, -0.843607, -0.78787, 1.62786, -0.277713, 0.540502, -1.14476, -0.312623, -0.319271, 1.67431, 0.755373, -1.73653, 1.73797;
0.759957, -0.847944, -0.785888, 1.63162, -0.28989, 0.539529, -1.16568, -0.311881, -0.319271, 1.67317, 0.777555, -1.71662, 1.71804;
0.762957, -0.852317, -0.783984, 1.63537, -0.302075, 0.538609, -1.18664, -0.311173, -0.319271, 1.67202, 0.799382, -1.6966, 1.698;
0.766, -0.856726, -0.782156, 1.63913, -0.314268, 0.537745, -1.20764, -0.3105, -0.319271, 1.67084, 0.820858, -1.67646, 1.67784;
0.769086, -0.861171, -0.780404, 1.64287, -0.326466, 0.536939, -1.22869, -0.309862, -0.319272, 1.66965, 0.841984, -1.6562, 1.65757;
0.772216, -0.865653, -0.778728, 1.6466, -0.33867, 0.536194, -1.24979, -0.309261, -0.319272, 1.66844, 0.862765, -1.63584, 1.63719;
0.77539, -0.870171, -0.777127, 1.65031, -0.350878, 0.535511, -1.27093, -0.308697, -0.319272, 1.66721, 0.883201, -1.61537, 1.6167;
0.760772, -0.857316, -0.759314, 1.65423, -0.347519, 0.533008, -1.2544, -0.298142, -0.319197, 1.67151, 0.883315, -1.61564, 1.6166;
0.746313, -0.844359, -0.741154, 1.65704, -0.34431, 0.530863, -1.23786, -0.287642, -0.319197, 1.67602, 0.883329, -1.61564, 1.61661;
0.731649, -0.831522, -0.722528, 1.65928, -0.341279, 0.529079, -1.22121, -0.277141, -0.319198, 1.68052, 0.88333, -1.61565, 1.61661;
0.716797, -0.818822, -0.703444, 1.66094, -0.338441, 0.527681, -1.20447, -0.266641, -0.319198, 1.68502, 0.88333, -1.61565, 1.61662;
0.701764, -0.806266, -0.683914, 1.66202, -0.335816, 0.526673, -1.18762, -0.25614, -0.319198, 1.68952, 0.88333, -1.61565, 1.61662;
0.686558, -0.793863, -0.663949, 1.66252, -0.333427, 0.526055, -1.17065, -0.24564, -0.319198, 1.69402, 0.883329, -1.61565, 1.61662;
0.671189, -0.781621, -0.643563, 1.66244, -0.331291, 0.525831, -1.15358, -0.23514, -0.319197, 1.69853, 0.883328, -1.61565, 1.61663;
0.655667, -0.769546, -0.622772, 1.66177, -0.32943, 0.526, -1.13639, -0.224639, -0.319196, 1.70303, 0.883326, -1.61565, 1.61663;
0.640007, -0.757643, -0.601592, 1.66052, -0.327863, 0.526566, -1.11909, -0.214139, -0.319195, 1.70753, 0.883324, -1.61565, 1.61663;
0.624223, -0.745915, -0.58004, 1.65869, -0.326607, 0.527527, -1.10166, -0.203639, -0.319193, 1.71203, 0.883321, -1.61565, 1.61664;
0.608332, -0.734363, -0.558137, 1.65628, -0.32568, 0.528886, -1.08412, -0.19314, -0.319191, 1.71653, 0.883318, -1.61564, 1.61664;
0.592351, -0.722989, -0.535901, 1.65328, -0.3251, 0.530643, -1.06646, -0.18264, -0.319189, 1.72103, 0.883314, -1.61564, 1.61665;
0.576299, -0.711788, -0.513354, 1.64971, -0.32488, 0.532797, -1.04868, -0.17214, -0.319186, 1.72554, 0.883309, -1.61564, 1.61665;
0.560195, -0.70076, -0.490518, 1.64555, -0.325036, 0.535349, -1.0308, -0.161641, -0.319183, 1.73004, 0.883304, -1.61564, 1.61666;
0.544061, -0.689897, -0.467413, 1.64081, -0.325581, 0.5383, -1.0128, -0.151142, -0.31918, 1.73454, 0.883298, -1.61564, 1.61666;
0.527918, -0.679193, -0.444062, 1.6355, -0.326525, 0.541648, -0.994703, -0.140643, -0.319176, 1.73904, 0.883292, -1.61564, 1.61667;
0.511786, -0.66864, -0.420487, 1.6296, -0.327879, 0.545395, -0.976511, -0.130144, -0.319173, 1.74354, 0.883285, -1.61564, 1.61667;
0.495687, -0.658226, -0.39671, 1.62313, -0.329652, 0.549539, -0.958232, -0.119646, -0.319169, 1.74805, 0.883277, -1.61563, 1.61668;
0.479643, -0.64794, -0.37275, 1.61608, -0.331851, 0.554081, -0.939876, -0.109147, -0.319164, 1.75255, 0.883269, -1.61563, 1.61669;
0.463672, -0.637769, -0.348628, 1.60845, -0.334483, 0.55902, -0.921454, -0.0986494, -0.31916, 1.75705, 0.88326, -1.61563, 1.61669;
0.447796, -0.627697, -0.324362, 1.60024, -0.337553, 0.564356, -0.902976, -0.0881516, -0.319155, 1.76155, 0.88325, -1.61563, 1.6167;
0.432033, -0.617708, -0.299969, 1.59145, -0.341066, 0.570091, -0.884457, -0.0776542, -0.319151, 1.76606, 0.88324, -1.61563, 1.61671;
0.4164, -0.607784, -0.275464, 1.58209, -0.345024, 0.576223, -0.865908, -0.0671571, -0.319146, 1.77056, 0.88323, -1.61562, 1.61672;
0.400914, -0.597907, -0.25086, 1.57214, -0.349431, 0.582754, -0.847343, -0.0566603, -0.319141, 1.77506, 0.883219, -1.61562, 1.61672;
0.385589, -0.588057, -0.226167, 1.56162, -0.354289, 0.589684, -0.828778, -0.0461638, -0.319136, 1.77956, 0.883207, -1.61562, 1.61673;
0.370437, -0.578213, -0.201393, 1.55052, -0.359603, 0.597015, -0.810227, -0.0356677, -0.319131, 1.78407, 0.883195, -1.61562, 1.61674;
0.355471, -0.568353, -0.176543, 1.53883, -0.365375, 0.604748, -0.791704, -0.025172, -0.319126, 1.78857, 0.883183, -1.61562, 1.61675;
0.340699, -0.558455, -0.151619, 1.52656, -0.371609, 0.612887, -0.773225, -0.0146768, -0.31912, 1.79307, 0.88317, -1.61562, 1.61676;
0.326129, -0.548496, -0.126619, 1.5137, -0.378309, 0.621433, -0.754804, -0.00418196, -0.319115, 1.79758, 0.883156, -1.61562, 1.61677;
0.311767, -0.538451, -0.101537, 1.50025, -0.385483, 0.63039, -0.736457, 0.00631235, -0.31911, 1.80208, 0.883142, -1.61562, 1.61678;
0.297615, -0.528298, -0.0763655, 1.48621, -0.393139, 0.639761, -0.718196, 0.0168061, -0.319105, 1.80658, 0.883127, -1.61562, 1.6168;
0.283677, -0.518009, -0.0510905, 1.47156, -0.401285, 0.649554, -0.700035, 0.0272993, -0.3191, 1.81108, 0.883112, -1.61563, 1.61681;
0.269953, -0.50756, -0.0256945, 1.45632, -0.409937, 0.659773, -0.681989, 0.0377919, -0.319095, 1.81559, 0.883096, -1.61563, 1.61682;
0.265486, -0.503974, -0.0171623, 1.45084, -0.413039, 0.663442, -0.676164, 0.0413062, -0.319054, 1.81719, 0.883183, -1.61543, 1.6167;
0.265509, -0.503973, -0.0171774, 1.45081, -0.413036, 0.663459, -0.676208, 0.0413024, -0.319048, 1.8172, 0.883204, -1.61541, 1.61669;
0.265509, -0.503973, -0.0171774, 1.45081, -0.413036, 0.663459, -0.676208, 0.0413024, -0.319048, 1.8172, 0.883204, -1.61541, 1.61669;
0.265509, -0.503973, -0.0171774, 1.45081, -0.413036, 0.663459, -0.676208, 0.0413024, -0.319048, 1.8172, 0.883204, -1.61541, 1.61669;
0.265509, -0.503973, -0.0171774, 1.45081, -0.413036, 0.663459, -0.676208, 0.0413024, -0.319048, 1.8172, 0.883204, -1.61541, 1.61669;
0.265509, -0.503973, -0.0171774, 1.45081, -0.413036, 0.663459, -0.676208, 0.0413024, -0.319048, 1.8172, 0.883204, -1.61541, 1.61669;
0.265509, -0.503973, -0.0171774, 1.45081, -0.413036, 0.663459, -0.676208, 0.0413024, -0.319048, 1.8172, 0.883204, -1.61541, 1.61669;
0.265509, -0.503973, -0.0171774, 1.45081, -0.413036, 0.663459, -0.676208, 0.0413024, -0.319048, 1.8172, 0.883204, -1.61541, 1.61669;
0.265509, -0.503973, -0.0171774, 1.45081, -0.413036, 0.663459, -0.676208, 0.0413024, -0.319048, 1.8172, 0.883204, -1.61541, 1.61669;
0.265509, -0.503973, -0.0171774, 1.45081, -0.413036, 0.663459, -0.676208, 0.0413024, -0.319048, 1.8172, 0.883204, -1.61541, 1.61669;
0.265509, -0.503973, -0.0171774, 1.45081, -0.413036, 0.663459, -0.676208, 0.0413024, -0.319048, 1.8172, 0.883204, -1.61541, 1.61669;
0.265509, -0.503973, -0.0171774, 1.45081, -0.413036, 0.663459, -0.676208, 0.0413024, -0.319048, 1.8172, 0.883204, -1.61541, 1.61669;
0.265509, -0.503973, -0.0171774, 1.45081, -0.413036, 0.663459, -0.676208, 0.0413024, -0.319048, 1.8172, 0.883204, -1.61541, 1.61669;
0.265509, -0.503973, -0.0171774, 1.45081, -0.413036, 0.663459, -0.676208, 0.0413024, -0.319048, 1.8172, 0.883204, -1.61541, 1.61669;
0.265509, -0.503973, -0.0171774, 1.45081, -0.413036, 0.663459, -0.676208, 0.0413024, -0.319048, 1.8172, 0.883204, -1.61541, 1.61669;
0.265509, -0.503973, -0.0171774, 1.45081, -0.413036, 0.663459, -0.676208, 0.0413024, -0.319048, 1.8172, 0.883204, -1.61541, 1.61669;
0.265509, -0.503973, -0.0171774, 1.45081, -0.413036, 0.663459, -0.676208, 0.0413024, -0.319048, 1.8172, 0.883204, -1.61541, 1.61669;
0.265509, -0.503973, -0.0171774, 1.45081, -0.413036, 0.663459, -0.676208, 0.0413024, -0.319048, 1.8172, 0.883204, -1.61541, 1.61669;
0.265509, -0.503973, -0.0171774, 1.45081, -0.413036, 0.663459, -0.676208, 0.0413024, -0.319048, 1.8172, 0.883204, -1.61541, 1.61669;
0.265509, -0.503973, -0.0171774, 1.45081, -0.413036, 0.663459, -0.676208, 0.0413024, -0.319048, 1.8172, 0.883204, -1.61541, 1.61669;
0.265509, -0.503973, -0.0171774, 1.45081, -0.413036, 0.663459, -0.676208, 0.0413024, -0.319048, 1.8172, 0.883204, -1.61541, 1.61669;
0.265509, -0.503973, -0.0171774, 1.45081, -0.413036, 0.663459, -0.676208, 0.0413024, -0.319048, 1.8172, 0.883204, -1.61541, 1.61669;
0.265509, -0.503973, -0.0171774, 1.45081, -0.413036, 0.663459, -0.676208, 0.0413024, -0.319048, 1.8172, 0.883204, -1.61541, 1.61669;
0.265509, -0.503973, -0.0171774, 1.45081, -0.413036, 0.663459, -0.676208, 0.0413024, -0.319048, 1.8172, 0.883204, -1.61541, 1.61669;
0.265509, -0.503973, -0.0171774, 1.45081, -0.413036, 0.663459, -0.676208, 0.0413024, -0.319048, 1.8172, 0.883204, -1.61541, 1.61669;
0.265509, -0.503973, -0.0171774, 1.45081, -0.413036, 0.663459, -0.676208, 0.0413024, -0.319048, 1.8172, 0.883204, -1.61541, 1.61669;
0.265509, -0.503973, -0.0171774, 1.45081, -0.413036, 0.663459, -0.676208, 0.0413024, -0.319048, 1.8172, 0.883204, -1.61541, 1.61669;
0.265509, -0.503973, -0.0171774, 1.45081, -0.413036, 0.663459, -0.676208, 0.0413024, -0.319048, 1.8172, 0.883204, -1.61541, 1.61669;
0.265509, -0.503973, -0.0171774, 1.45081, -0.413036, 0.663459, -0.676208, 0.0413024, -0.319048, 1.8172, 0.883204, -1.61541, 1.61669;
0.265509, -0.503973, -0.0171774, 1.45081, -0.413036, 0.663459, -0.676208, 0.0413024, -0.319048, 1.8172, 0.883204, -1.61541, 1.61669;
0.265509, -0.503973, -0.0171774, 1.45081, -0.413036, 0.663459, -0.676208, 0.0413024, -0.319048, 1.8172, 0.883204, -1.61541, 1.61669;
0.265509, -0.503973, -0.0171774, 1.45081, -0.413036, 0.663459, -0.676208, 0.0413024, -0.319048, 1.8172, 0.883204, -1.61541, 1.61669;
0.265509, -0.503973, -0.0171774, 1.45081, -0.413036, 0.663459, -0.676208, 0.0413024, -0.319048, 1.8172, 0.883204, -1.61541, 1.61669;
0.27273, -0.505999, -0.0264, 1.45268, -0.412242, 0.662222, -0.691198, 0.0379718, -0.319083, 1.81677, 0.889956, -1.60858, 1.60985;
0.294442, -0.511902, -0.0540896, 1.45803, -0.410003, 0.658494, -0.736164, 0.0279488, -0.319373, 1.81541, 0.910015, -1.58814, 1.58925;
0.316133, -0.518294, -0.0813352, 1.46292, -0.408344, 0.655426, -0.781024, 0.0179236, -0.319379, 1.81414, 0.92967, -1.56743, 1.5685;
0.337943, -0.524831, -0.108418, 1.4674, -0.40713, 0.652671, -0.825787, 0.00786368, -0.319384, 1.81285, 0.948991, -1.54663, 1.54767;
0.359872, -0.531525, -0.135332, 1.47145, -0.406374, 0.650234, -0.870452, -0.00223526, -0.31939, 1.81156, 0.967979, -1.52572, 1.52675;
0.381912, -0.53839, -0.162061, 1.47506, -0.406088, 0.648124, -0.915006, -0.0123733, -0.319395, 1.81025, 0.986637, -1.50473, 1.50573;
0.404058, -0.545442, -0.188587, 1.47824, -0.406279, 0.646345, -0.959436, -0.0225509, -0.3194, 1.80893, 1.00497, -1.48364, 1.48462;
0.426301, -0.552692, -0.21489, 1.48097, -0.406959, 0.644907, -1.00373, -0.0327682, -0.319405, 1.8076, 1.02297, -1.46247, 1.46343;
0.44863, -0.560154, -0.240948, 1.48324, -0.408133, 0.643815, -1.04788, -0.0430254, -0.319411, 1.80627, 1.04065, -1.44121, 1.44214;
0.471034, -0.567842, -0.266735, 1.48504, -0.409808, 0.643078, -1.09187, -0.0533229, -0.319416, 1.80493, 1.05801, -1.41987, 1.42078;
0.493497, -0.575766, -0.292225, 1.48637, -0.411991, 0.642704, -1.13571, -0.0636607, -0.319421, 1.80358, 1.07505, -1.39844, 1.39933;
0.516005, -0.583937, -0.317387, 1.48721, -0.414684, 0.642699, -1.17937, -0.0740391, -0.319427, 1.80223, 1.09177, -1.37694, 1.3778;
0.538541, -0.592365, -0.342194, 1.48755, -0.417888, 0.643072, -1.22285, -0.084458, -0.319432, 1.80088, 1.10818, -1.35536, 1.3562;
0.561086, -0.601058, -0.366611, 1.48739, -0.421603, 0.643831, -1.26616, -0.0949177, -0.319437, 1.79952, 1.12427, -1.3337, 1.33452;
0.58362, -0.610024, -0.390608, 1.48672, -0.425824, 0.644982, -1.30929, -0.105418, -0.319442, 1.79816, 1.14005, -1.31197, 1.31277;
0.606124, -0.619266, -0.414152, 1.48552, -0.430546, 0.646533, -1.35224, -0.115959, -0.319446, 1.79681, 1.15553, -1.29017, 1.29094;
0.628576, -0.628789, -0.437209, 1.4838, -0.435758, 0.64849, -1.39502, -0.126541, -0.319451, 1.79545, 1.17069, -1.26829, 1.26905;
0.650956, -0.638592, -0.459747, 1.48153, -0.441449, 0.650861, -1.43763, -0.137163, -0.319455, 1.7941, 1.18555, -1.24636, 1.24709;
0.673243, -0.648675, -0.481735, 1.47871, -0.447603, 0.65365, -1.48007, -0.147825, -0.319459, 1.79276, 1.20011, -1.22435, 1.22506;
0.695416, -0.659034, -0.503141, 1.47533, -0.454202, 0.656864, -1.52237, -0.158528, -0.319462, 1.79141, 1.21436, -1.20228, 1.20297;
0.717456, -0.669662, -0.523936, 1.47138, -0.461223, 0.660506, -1.56454, -0.169271, -0.319465, 1.79008, 1.22832, -1.18015, 1.18082;
0.739344, -0.680551, -0.544094, 1.46684, -0.468642, 0.664582, -1.60659, -0.180054, -0.319468, 1.78875, 1.24197, -1.15796, 1.15861;
0.761063, -0.691689, -0.56359, 1.46172, -0.476434, 0.669094, -1.64853, -0.190876, -0.31947, 1.78744, 1.25533, -1.13571, 1.13633;
0.782597, -0.703062, -0.582401, 1.456, -0.484567, 0.674043, -1.69039, -0.201738, -0.319471, 1.78613, 1.2684, -1.1134, 1.114;
0.803932, -0.714654, -0.600508, 1.44967, -0.493011, 0.679433, -1.7322, -0.212638, -0.319472, 1.78484, 1.28117, -1.09103, 1.09162;
0.825057, -0.726446, -0.617895, 1.44272, -0.501733, 0.685262, -1.77396, -0.223577, -0.319473, 1.78355, 1.29365, -1.06862, 1.06918;
0.845962, -0.738415, -0.634549, 1.43514, -0.510699, 0.691531, -1.81571, -0.234555, -0.319473, 1.78228, 1.30583, -1.04614, 1.04669;
0.86664, -0.750538, -0.650459, 1.42692, -0.519873, 0.698237, -1.85747, -0.24557, -0.319473, 1.78103, 1.31773, -1.02362, 1.02415;
0.887086, -0.762788, -0.66562, 1.41805, -0.52922, 0.705377, -1.89927, -0.256622, -0.319472, 1.77979, 1.32934, -1.00105, 1.00156;
0.907297, -0.775139, -0.680027, 1.40852, -0.538704, 0.712949, -1.94113, -0.267711, -0.31947, 1.77857, 1.34067, -0.978432, 0.978922;
0.927273, -0.787559, -0.69368, 1.39831, -0.548289, 0.720948, -1.98307, -0.278836, -0.319469, 1.77737, 1.35171, -0.955767, 0.956238;
0.933166, -0.782214, -0.711067, 1.37742, -0.524646, 0.72588, -1.94123, -0.287901, -0.320169, 1.78041, 1.32521, -1.008, 1.00912;
0.964581, -0.801724, -0.72298, 1.37366, -0.55778, 0.731958, -2.03816, -0.298156, -0.322957, 1.77616, 1.36251, -0.93317, 0.9336;
0.987185, -0.824291, -0.731747, 1.36306, -0.577352, 0.746678, -2.11011, -0.312594, -0.320265, 1.7737, 1.38336, -0.887475, 0.887653;

fast marker
150
0.0706858, -0.650079, -0.0940653, 1.80015, 0.0102872, 0.419843, -0.0663357, -0.0327449, -0.320096, 1.69199, 4.40296e-05, -2.22251, 2.2203;
0.141372, -0.652761, -0.187859, 1.7927, 0.02046, 0.424817, -0.132322, -0.0656208, -0.320261, 1.6919, -0.000139878, 2.22298, -2.21975;
0.212058, -0.657582, -0.281422, 1.78021, 0.0300595, 0.432942, -0.197869, -0.0990075, -0.320347, 1.69183, -0.000203866, 2.22323, -2.21942;
0.282743, -0.664382, -0.374395, 1.76238, 0.0387217, 0.444372, -0.262458, -0.133032, -0.320408, 1.69175, -0.000265672, 2.22342, -2.21919;
0.353429, -0.673071, -0.466419, 1.73883, 0.046095, 0.459291, -0.325584, -0.167832, -0.320445, 1.69168, -0.000319342, 2.22358, -2.21904;
0.424115, -0.683547, -0.557061, 1.70914, 0.0518607, 0.47785, -0.386703, -0.203502, -0.320452, 1.69163, -0.000355997, 2.2237, -2.21896;
0.494801, -0.695686, -0.645797, 1.6729, 0.0557452, 0.500163, -0.445233, -0.240067, -0.320422, 1.69161, -0.000367, 2.22377, -2.21898;
0.565487, -0.709331, -0.732018, 1.62977, 0.0575337, 0.52628, -0.50058, -0.277463, -0.320352, 1.69163, -0.000345873, 2.22376, -2.2191;
0.636014, -0.724269, -0.814879, 1.57964, 0.057082, 0.556107, -0.55207, -0.315445, -0.32024, 1.69171, 0.000290188, -2.22355, 2.21924;
0.651069, -0.735651, -0.812109, 1.58415, 0.0216483, 0.548867, -0.617246, -0.314407, -0.321089, 1.69063, 0.0976754, -2.17408, 2.17622;
0.660872, -0.750099, -0.80337, 1.59849, -0.018621, 0.539678, -0.687325, -0.310609, -0.32149, 1.68684, 0.202804, -2.12009, 2.12297;
0.669628, -0.764833, -0.794805, 1.61332, -0.059315, 0.531596, -0.756597, -0.307063, -0.321475, 1.68277, 0.302424, -2.06421, 2.0668;
0.678879, -0.779922, -0.787378, 1.62848, -0.100344, 0.523745, -0.825906, -0.303898, -0.321481, 1.67832, 0.397276, -2.00613, 2.00862;
0.688775, -0.795382, -0.781195, 1.6436, -0.141731, 0.516469, -0.895445, -0.301207, -0.321493, 1.67356, 0.487662, -1.94608, 1.94848;
0.699287, -0.811201, -0.776209, 1.65854, -0.183451, 0.509876, -0.96526, -0.299004, -0.321506, 1.66856, 0.5737, -1.88424, 1.88653;
0.710422, -0.827389, -0.772388, 1.67315, -0.225472, 0.504056, -1.03543, -0.297311, -0.321519, 1.66337, 0.65551, -1.82074, 1.82294;
0.722189, -0.843959, -0.769681, 1.6873, -0.267756, 0.499105, -1.10604, -0.296145, -0.321533, 1.65803, 0.733207, -1.75574, 1.75782;
0.734592, -0.860925, -0.768018, 1.70083, -0.310256, 0.495121, -1.17718, -0.295518, -0.321547, 1.6526, 0.806901, -1.68936, 1.69132;
0.747637, -0.878305, -0.76731, 1.71361, -0.352914, 0.492202, -1.24896, -0.295436, -0.321562, 1.64714, 0.876697, -1.6217, 1.62353;
0.699892, -0.842931, -0.707729, 1.72759, -0.345713, 0.486772, -1.20501, -0.263496, -0.320374, 1.65837, 0.8844, -1.61759, 1.6158;
0.647986, -0.80032, -0.638942, 1.73027, -0.334756, 0.484078, -1.148, -0.228419, -0.320708, 1.67314, 0.885113, -1.6184, 1.61597;
0.592994, -0.759819, -0.564524, 1.72613, -0.326853, 0.485798, -1.08947, -0.193302, -0.32074, 1.68827, 0.885134, -1.61856, 1.6159;
0.536488, -0.722073, -0.486108, 1.71558, -0.322596, 0.491975, -1.02983, -0.158308, -0.320649, 1.70336, 0.88503, -1.61851, 1.61604;
0.479081, -0.68668, -0.404484, 1.69862, -0.322543, 0.502571, -0.968932, -0.12333, -0.320536, 1.71844, 0.884822, -1.61844, 1.61622;
0.421664, -0.653367, -0.320594, 1.67525, -0.327102, 0.517616, -0.907049, -0.0883798, -0.320384, 1.73353, 0.884535, -1.61834, 1.61644;
0.365083, -0.621609, -0.23532, 1.64549, -0.336489, 0.53705, -0.844572, -0.0534635, -0.320208, 1.74861, 0.884174, -1.61822, 1.61672;
0.310029, -0.590707, -0.149317, 1.6094, -0.350779, 0.560834, -0.782013, -0.0185862, -0.320016, 1.7637, 0.883749, -1.61811, 1.61705;
0.256951, -0.559842, -0.0628954, 1.56695, -0.369998, 0.588965, -0.719932, 0.0162456, -0.319818, 1.77878, 0.883266, -1.61804, 1.61744;
0.206011, -0.528119, 0.0240688, 1.5181, -0.394245, 0.621505, -0.658871, 0.0510218, -0.319623, 1.79387, 0.882723, -1.61802, 1.61789;
0.201208, -0.524494, 0.0332522, 1.51014, -0.398128, 0.626538, -0.654598, 0.0545618, -0.319054, 1.79659, 0.883172, -1.61546, 1.61667;
0.201274, -0.524522, 0.0331781, 1.51017, -0.398104, 0.626495, -0.654683, 0.0545397, -0.319048, 1.79659, 0.883204, -1.61541, 1.61669;
0.201274, -0.524522, 0.0331783, 1.51017, -0.398105, 0.626496, -0.654683, 0.0545398, -0.319048, 1.79659, 0.883204, -1.61541, 1.61669;
0.201274, -0.524522, 0.0331783, 1.51017, -0.398105, 0.626496, -0.654683, 0.0545398, -0.319048, 1.79659, 0.883204, -1.61541, 1.61669;
0.201274, -0.524522, 0.0331783, 1.51017, -0.398105, 0.626496, -0.654683, 0.0545398, -0.319048, 1.79659, 0.883204, -1.61541, 1.61669;
0.201274, -0.524522, 0.0331783, 1.51017, -0.398105, 0.626496, -0.654683, 0.0545398, -0.319048, 1.79659, 0.883204, -1.61541, 1.61669;
0.201274, -0.524522, 0.0331783, 1.51017, -0.398105, 0.626496, -0.654683, 0.0545398, -0.319048, 1.79659, 0.883204, -1.61541, 1.61669;
0.201274, -0.524522, 0.0331783, 1.51017, -0.398105, 0.626496, -0.654683, 0.0545398, -0.319048, 1.79659, 0.883204, -1.61541, 1.61669;
0.201274, -0.524522, 0.0331783, 1.51017, -0.398105, 0.626496, -0.654683, 0.0545398, -0.319048, 1.79659, 0.883204, -1.61541, 1.61669;
0.201274, -0.524522, 0.0331783, 1.51017, -0.398105, 0.626496, -0.654683, 0.0545398, -0.319048, 1.79659, 0.883204, -1.61541, 1.61669;
0.27196, -0.53989, -0.0573754, 1.53073, -0.392984, 0.610568, -0.791081, 0.0226033, -0.322071, 1.7904, 0.942996, -1.55569, 1.55501;
0.342646, -0.559454, -0.144917, 1.54557, -0.392345, 0.600956, -0.927036, -0.00948002, -0.322833, 1.78536, 0.998901, -1.49371, 1.49234;
0.413332, -0.580443, -0.229637, 1.55527, -0.395617, 0.594879, -1.05997, -0.0413831, -0.323617, 1.78048, 1.05112, -1.43202, 1.43022;
0.484017, -0.603068, -0.311373, 1.55973, -0.402918, 0.592411, -1.19, -0.0732477, -0.324537, 1.77577, 1.09999, -1.3706, 1.36839;
0.554703, -0.627712, -0.389834, 1.55885, -0.414354, 0.593667, -1.31761, -0.10525, -0.32561, 1.77123, 1.14595, -1.30915, 1.30651;
0.625389, -0.654775, -0.464636, 1.55245, -0.429971, 0.598869, -1.44355, -0.13761, -0.326831, 1.76687, 1.18943, -1.24727, 1.24418;
0.696075, -0.684638, -0.535292, 1.54016, -0.449751, 0.60837, -1.5689, -0.1706, -0.328178, 1.76269, 1.23084, -1.18447, 1.18088;
0.766761, -0.717633, -0.601189, 1.52141, -0.473586, 0.622661, -1.69504, -0.204541, -0.329611, 1.7587, 1.27053, -1.12015, 1.11598;
0.837447, -0.753977, -0.661562, 1.49537, -0.501233, 0.642378, -1.8237, -0.239798, -0.331058, 1.75494, 1.30882, -1.0536, 1.04877;
0.908132, -0.79367, -0.715483, 1.46089, -0.532252, 0.668276, -1.95696, -0.276765, -0.332409, 1.75143, 1.34591, -0.984028, 0.978421;

