slow marker
50
0.00755147, -0.65, -0.0100435, 1.8, 0.00110074, 0.42, -0.00708291, -0.00350052, -0.31906, 1.69357, 1.04678e-07, -2.22058, 2.2223;
0.0151019, -0.649997, -0.0200854, 1.79987, 0.00220118, 0.420081, -0.0141644, -0.00700077, -0.319072, 1.69358, 5.49434e-07, -2.2206, 2.22228;
0.0226509, -0.650017, -0.0301252, 1.79969, 0.00330134, 0.420198, -0.0212439, -0.0105009, -0.319084, 1.69359, 1.03916e-06, -2.22063, 2.22225;
0.0301983, -0.65006, -0.0401622, 1.79945, 0.00440072, 0.420351, -0.0283208, -0.014001, -0.319096, 1.6936, 1.55562e-06, -2.22065, 2.22223;
0.0377435, -0.650126, -0.0501956, 1.79916, 0.00549878, 0.42054, -0.0353942, -0.0175011, -0.319109, 1.69361, 2.10192e-06, -2.22068, 2.22221;
0.045286, -0.650214, -0.0602243, 1.79881, 0.00659497, 0.420764, -0.042463, -0.0210013, -0.319121, 1.69362, 2.09814e-06, -2.2207, 2.22218;
0.0528253, -0.650325, -0.0702474, 1.7984, 0.00768875, 0.421025, -0.0495264, -0.0245015, -0.319133, 1.69363, 2.66303e-06, -2.22072, 2.22216;
0.060361, -0.650459, -0.0802639, 1.79794, 0.00877958, 0.421322, -0.0565832, -0.0280016, -0.319145, 1.69364, 3.2829e-06, -2.22075, 2.22214;
0.0678924, -0.650615, -0.090273, 1.79743, 0.0098669, 0.421654, -0.0636327, -0.0315018, -0.319157, 1.69365, 3.95731e-06, -2.22077, 2.22211;
0.075419, -0.650793, -0.100274, 1.79685, 0.0109502, 0.422023, -0.0706738, -0.0350021, -0.319169, 1.69366, 4.68581e-06, -2.22079, 2.22209;
0.0829404, -0.650994, -0.110265, 1.79622, 0.0120289, 0.422427, -0.0777056, -0.0385023, -0.319181, 1.69367, 5.46763e-06, -2.22082, 2.22206;
0.090456, -0.651217, -0.120246, 1.79554, 0.0131026, 0.422867, -0.0847271, -0.0420025, -0.319193, 1.69368, 6.30293e-06, -2.22084, 2.22204;
0.0979655, -0.651462, -0.130215, 1.7948, 0.0141706, 0.423342, -0.0917375, -0.0455028, -0.319205, 1.69369, 7.19043e-06, -2.22086, 2.22202;
0.105468, -0.65173, -0.140173, 1.794, 0.0152326, 0.423853, -0.0987357, -0.049003, -0.319217, 1.6937, 8.13031e-06, -2.22089, 2.22199;
0.112964, -0.652019, -0.150117, 1.79315, 0.0162878, 0.4244, -0.105721, -0.0525033, -0.319229, 1.69371, 9.121e-06, -2.22091, 2.22197;
0.120452, -0.65233, -0.160047, 1.79224, 0.017336, 0.424982, -0.112692, -0.0560036, -0.319241, 1.69372, 1.01625e-05, -2.22093, 2.22195;
0.127931, -0.652663, -0.169963, 1.79128, 0.0183765, 0.4256, -0.119649, -0.0595039, -0.319253, 1.69373, 1.1254e-05, -2.22096, 2.22192;
0.135403, -0.653017, -0.179863, 1.79026, 0.0194089, 0.426253, -0.126589, -0.0630042, -0.319265, 1.69374, 1.23946e-05, -2.22098, 2.2219;
0.142865, -0.653393, -0.189746, 1.78919, 0.0204326, 0.426941, -0.133513, -0.0665046, -0.319277, 1.69374, 1.35833e-05, -2.221, 2.22188;
0.150318, -0.65379, -0.199612, 1.78806, 0.0214473, 0.427664, -0.14042, -0.0700049, -0.319289, 1.69375, 1.48195e-05, -2.22103, 2.22185;
0.157761, -0.654208, -0.20946, 1.78687, 0.0224524, 0.428423, -0.147308, -0.0735052, -0.319301, 1.69376, 1.61019e-05, -2.22105, 2.22183;
0.165194, -0.654648, -0.219288, 1.78563, 0.0234475, 0.429217, -0.154177, -0.0770056, -0.319313, 1.69377, 1.743e-05, -2.22107, 2.2218;
0.172616, -0.655108, -0.229097, 1.78434, 0.0244321, 0.430045, -0.161027, -0.0805059, -0.319325, 1.69378, 1.88026e-05, -2.2211, 2.22178;
0.180027, -0.655588, -0.238885, 1.78299, 0.0254059, 0.430909, -0.167855, -0.0840063, -0.319336, 1.69379, 2.02185e-05, -2.22112, 2.22176;
0.187427, -0.656089, -0.248651, 1.78158, 0.0263683, 0.431807, -0.174662, -0.0875067, -0.319348, 1.6938, 2.1677e-05, -2.22114, 2.22173;
0.194815, -0.656611, -0.258396, 1.78012, 0.0273189, 0.43274, -0.181446, -0.091007, -0.31936, 1.69381, 2.31767e-05, -2.22117, 2.22171;
0.202192, -0.657152, -0.268117, 1.7786, 0.0282573, 0.433707, -0.188208, -0.0945074, -0.319372, 1.69382, 2.47164e-05, -2.22119, 2.22169;
0.209556, -0.657714, -0.277815, 1.77703, 0.0291832, 0.434709, -0.194945, -0.0980078, -0.319384, 1.69383, 2.62953e-05, -2.22121, 2.22166;
0.216907, -0.658295, -0.287488, 1.7754, 0.030096, 0.435745, -0.201658, -0.101508, -0.319396, 1.69384, 2.7912e-05, -2.22124, 2.22164;
0.224246, -0.658896, -0.297136, 1.77372, 0.0309955, 0.436815, -0.208345, -0.105009, -0.319407, 1.69385, 2.95652e-05, -2.22126, 2.22162;
0.231571, -0.659516, -0.306758, 1.77199, 0.0318813, 0.437919, -0.215007, -0.108509, -0.319419, 1.69386, 3.12539e-05, -2.22128, 2.22159;
0.238882, -0.660155, -0.316354, 1.77019, 0.032753, 0.439058, -0.221641, -0.112009, -0.319431, 1.69387, 3.29765e-05, -2.22131, 2.22157;
0.246181, -0.660813, -0.325922, 1.76835, 0.0336102, 0.44023, -0.228248, -0.11551, -0.319442, 1.69388, 3.47319e-05, -2.22133, 2.22155;
0.253465, -0.66149, -0.335463, 1.76645, 0.0344526, 0.441436, -0.234827, -0.11901, -0.319454, 1.69389, 3.65188e-05, -2.22135, 2.22152;
0.260735, -0.662186, -0.344976, 1.76449, 0.0352798, 0.442676, -0.241378, -0.12251, -0.319466, 1.6939, 3.83357e-05, -2.22138, 2.2215;
0.26799, -0.6629, -0.354459, 1.76248, 0.0360916, 0.443949, -0.247899, -0.126011, -0.319477, 1.69391, 4.01815e-05, -2.2214, 2.22148;
0.275231, -0.663632, -0.363913, 1.76042, 0.0368877, 0.445256, -0.25439, -0.129511, -0.319489, 1.69392, 4.20546e-05, -2.22142, 2.22145;
0.282458, -0.664382, -0.373337, 1.7583, 0.0376676, 0.446595, -0.26085, -0.133012, -0.319501, 1.69393, 4.39538e-05, -2.22144, 2.22143;
0.289669, -0.665149, -0.38273, 1.75612, 0.0384312, 0.447968, -0.26728, -0.136512, -0.319512, 1.69393, 4.58776e-05, -2.22147, 2.22141;
0.296865, -0.665934, -0.392092, 1.75389, 0.0391782, 0.449374, -0.273677, -0.140012, -0.319524, 1.69394, 4.78245e-05, -2.22149, 2.22138;
0.304047, -0.666737, -0.401422, 1.75161, 0.0399082, 0.450813, -0.280043, -0.143513, -0.319535, 1.69395, 4.97932e-05, -2.22151, 2.22136;
0.311213, -0.667556, -0.41072, 1.74927, 0.0406211, 0.452284, -0.286375, -0.147013, -0.319547, 1.69396, 5.17823e-05, -2.22153, 2.22134;
0.318363, -0.668392, -0.419986, 1.74688, 0.0413165, 0.453788, -0.292675, -0.150513, -0.319558, 1.69397, 5.37902e-05, -2.22156, 2.22131;
0.325499, -0.669245, -0.429218, 1.74443, 0.0419943, 0.455325, -0.298941, -0.154014, -0.31957, 1.69398, 5.58155e-05, -2.22158, 2.22129;
0.332618, -0.670114, -0.438416, 1.74193, 0.0426542, 0.456893, -0.305172, -0.157514, -0.319581, 1.69399, 5.78568e-05, -2.2216, 2.22127;
0.339723, -0.671, -0.447581, 1.73938, 0.043296, 0.458494, -0.311369, -0.161014, -0.319592, 1.694, 5.99126e-05, -2.22162, 2.22124;
0.346811, -0.671901, -0.456711, 1.73677, 0.0439194, 0.460127, -0.317531, -0.164515, -0.319604, 1.69401, 6.19814e-05, -2.22165, 2.22122;
0.353884, -0.672819, -0.465806, 1.73411, 0.0445243, 0.461792, -0.323657, -0.168015, -0.319615, 1.69402, 6.40617e-05, -2.22167, 2.2212;
0.360942, -0.673751, -0.474866, 1.73139, 0.0451105, 0.463489, -0.329748, -0.171515, -0.319626, 1.69403, 6.61521e-05, -2.22169, 2.22117;
0.367984, -0.674699, -0.48389, 1.72862, 0.0456778, 0.465217, -0.335802, -0.175015, -0.319638, 1.69404, 6.82511e-05, -2.22171, 2.22115;
0.37501, -0.675662, -0.492879, 1.7258, 0.0462261, 0.466977, -0.341819, -0.178516, -0.319649, 1.69405, 7.03571e-05, -2.22174, 2.22113;
0.382021, -0.676641, -0.501831, 1.72292, 0.0467551, 0.468768, -0.3478, -0.182016, -0.31966, 1.69406, 7.24688e-05, -2.22176, 2.2211;
0.389016, -0.677633, -0.510747, 1.71999, 0.0472647, 0.47059, -0.353743, -0.185516, -0.319671, 1.69407, 7.45845e-05, -2.22178, 2.22108;
0.395996, -0.678641, -0.519625, 1.717, 0.0477548, 0.472444, -0.359649, -0.189016, -0.319682, 1.69408, 7.67029e-05, -2.2218, 2.22106;
0.40296, -0.679662, -0.528467, 1.71397, 0.0482252, 0.474328, -0.365516, -0.192516, -0.319693, 1.69408, 7.88225e-05, -2.22183, 2.22103;
0.409909, -0.680698, -0.537271, 1.71087, 0.0486759, 0.476243, -0.371345, -0.196016, -0.319704, 1.69409, 8.09417e-05, -2.22185, 2.22101;
0.416843, -0.681747, -0.546037, 1.70773, 0.0491066, 0.478189, -0.377136, -0.199517, -0.319715, 1.6941, 8.30591e-05, -2.22187, 2.22099;
0.423762, -0.682811, -0.554766, 1.70453, 0.0495172, 0.480165, -0.382888, -0.203017, -0.319727, 1.69411, 8.51732e-05, -2.22189, 2.22096;
0.430666, -0.683887, -0.563456, 1.70127, 0.0499078, 0.482172, -0.388602, -0.206517, -0.319737, 1.69412, 8.72825e-05, -2.22191, 2.22094;
0.437555, -0.684978, -0.572108, 1.69797, 0.0502781, 0.484209, -0.394275, -0.210017, -0.319748, 1.69413, 8.93856e-05, -2.22194, 2.22092;
0.44443, -0.686081, -0.580722, 1.69461, 0.0506281, 0.486276, -0.39991, -0.213517, -0.319759, 1.69414, 9.1481e-05, -2.22196, 2.22089;
0.45129, -0.687197, -0.589296, 1.69119, 0.0509576, 0.488373, -0.405505, -0.217017, -0.31977, 1.69415, 9.35672e-05, -2.22198, 2.22087;
0.458136, -0.688326, -0.597832, 1.68773, 0.0512667, 0.4905, -0.41106, -0.220517, -0.319781, 1.69416, 9.56428e-05, -2.222, 2.22084;
0.464967, -0.689467, -0.606329, 1.68421, 0.0515553, 0.492657, -0.416575, -0.224017, -0.319792, 1.69417, 9.77063e-05, -2.22202, 2.22082;
0.471785, -0.690621, -0.614786, 1.68064, 0.0518232, 0.494844, -0.42205, -0.227517, -0.319803, 1.69418, 9.97562e-05, -2.22204, 2.2208;
0.478588, -0.691788, -0.623204, 1.67701, 0.0520704, 0.49706, -0.427485, -0.231017, -0.319814, 1.69419, 0.000101791, -2.22207, 2.22077;
0.485379, -0.692966, -0.631582, 1.67333, 0.0522969, 0.499305, -0.432879, -0.234517, -0.319824, 1.6942, 0.00010381, -2.22209, 2.22075;
0.492155, -0.694156, -0.639921, 1.6696, 0.0525026, 0.50158, -0.438233, -0.238016, -0.319835, 1.69421, 0.00010581, -2.22211, 2.22073;
0.498919, -0.695358, -0.64822, 1.66581, 0.0526875, 0.503884, -0.443547, -0.241516, -0.319846, 1.69422, 0.000107791, -2.22213, 2.2207;
0.50567, -0.696572, -0.656479, 1.66197, 0.0528516, 0.506217, -0.448819, -0.245016, -0.319856, 1.69422, 0.000109752, -2.22215, 2.22068;
0.512408, -0.697797, -0.664698, 1.65808, 0.0529948, 0.508579, -0.454051, -0.248516, -0.319867, 1.69423, 0.00011169, -2.22217, 2.22065;
0.519134, -0.699033, -0.672878, 1.65413, 0.053117, 0.51097, -0.459243, -0.252016, -0.319877, 1.69424, 0.000113605, -2.22219, 2.22063;
0.525848, -0.70028, -0.681017, 1.65013, 0.0532184, 0.513389, -0.464393, -0.255515, -0.319888, 1.69425, 0.000115494, -2.22222, 2.22061;
0.53255, -0.701539, -0.689115, 1.64608, 0.0532987, 0.515838, -0.469503, -0.259015, -0.319899, 1.69426, 0.000117357, -2.22224, 2.22058;
0.53924, -0.702808, -0.697174, 1.64197, 0.0533582, 0.518314, -0.474571, -0.262515, -0.319909, 1.69427, 0.000119192, -2.22226, 2.22056;
0.545919, -0.704088, -0.705193, 1.63781, 0.0533966, 0.52082, -0.479599, -0.266015, -0.319919, 1.69428, 0.000120998, -2.22228, 2.22053;
0.552587, -0.705379, -0.713171, 1.6336, 0.0534141, 0.523353, -0.484586, -0.269514, -0.31993, 1.69429, 0.000122773, -2.2223, 2.22051;
0.559244, -0.70668, -0.721108, 1.62933, 0.0534106, 0.525916, -0.489532, -0.273014, -0.31994, 1.6943, 0.000124515, -2.22232, 2.22049;
0.565891, -0.707992, -0.729006, 1.62502, 0.0533862, 0.528506, -0.494437, -0.276513, -0.319951, 1.69431, 0.000126224, -2.22234, 2.22046;
0.572528, -0.709314, -0.736863, 1.62064, 0.0533407, 0.531124, -0.499302, -0.280013, -0.319961, 1.69432, 0.000127898, -2.22237, 2.22044;
0.579155, -0.710646, -0.74468, 1.61622, 0.0532744, 0.533771, -0.504125, -0.283513, -0.319971, 1.69433, 0.000129535, -2.22239, 2.22041;
0.585772, -0.711988, -0.752456, 1.61174, 0.0531871, 0.536445, -0.508908, -0.287012, -0.319982, 1.69434, 0.000131135, -2.22241, 2.22039;
0.59238, -0.71334, -0.760192, 1.6072, 0.0530789, 0.539148, -0.51365, -0.290512, -0.319992, 1.69435, 0.000132695, -2.22243, 2.22036;
0.59898, -0.714702, -0.767887, 1.60262, 0.0529497, 0.541878, -0.518352, -0.294011, -0.320002, 1.69436, 0.000134214, -2.22245, 2.22034;
0.605571, -0.716074, -0.775543, 1.59798, 0.0527997, 0.544636, -0.523013, -0.29751, -0.320012, 1.69437, 0.000135691, -2.22247, 2.22031;
0.612153, -0.717455, -0.783157, 1.59328, 0.0526289, 0.547422, -0.527634, -0.30101, -0.320022, 1.69437, 0.000137124, -2.22249, 2.22029;
0.618729, -0.718846, -0.790732, 1.58853, 0.0524372, 0.550236, -0.532214, -0.304509, -0.320032, 1.69438, 0.000138512, -2.22251, 2.22026;
0.625296, -0.720246, -0.798266, 1.58373, 0.0522247, 0.553077, -0.536754, -0.308009, -0.320043, 1.69439, 0.000139854, -2.22254, 2.22024;
0.631857, -0.721656, -0.80576, 1.57887, 0.0519914, 0.555946, -0.541255, -0.311508, -0.320053, 1.6944, 0.000141147, -2.22256, 2.22021;
0.63841, -0.723075, -0.813214, 1.57396, 0.0517375, 0.558843, -0.545715, -0.315007, -0.320063, 1.69441, 0.000142391, -2.22258, 2.22019;
0.644958, -0.724503, -0.820627, 1.569, 0.0514628, 0.561767, -0.550135, -0.318506, -0.320073, 1.69442, 0.000143584, -2.2226, 2.22016;
0.651499, -0.725941, -0.828001, 1.56398, 0.0511675, 0.564719, -0.554516, -0.322006, -0.320083, 1.69443, 0.000144724, -2.22262, 2.22014;
0.658035, -0.727387, -0.835334, 1.5589, 0.0508515, 0.567699, -0.558857, -0.325505, -0.320093, 1.69444, 0.00014581, -2.22264, 2.22011;
0.664565, -0.728843, -0.842627, 1.55377, 0.050515, 0.570706, -0.563159, -0.329004, -0.320102, 1.69445, 0.00014684, -2.22266, 2.22009;
0.671091, -0.730307, -0.849881, 1.54859, 0.0501579, 0.573741, -0.567421, -0.332503, -0.320112, 1.69446, 0.000147814, -2.22268, 2.22006;
0.677612, -0.73178, -0.857094, 1.54335, 0.0497804, 0.576803, -0.571645, -0.336002, -0.320122, 1.69447, 0.000148729, -2.22271, 2.22004;
0.684129, -0.733262, -0.864268, 1.53806, 0.0493824, 0.579892, -0.57583, -0.339501, -0.320132, 1.69448, 0.000149584, -2.22273, 2.22001;
0.690642, -0.734753, -0.871401, 1.53271, 0.048964, 0.58301, -0.579976, -0.343, -0.320142, 1.69449, 0.000150377, -2.22275, 2.21999;
0.697152, -0.736253, -0.878495, 1.5273, 0.0485252, 0.586155, -0.584084, -0.3465, -0.320152, 1.6945, 0.000151107, -2.22277, 2.21996;
0.703659, -0.737761, -0.885549, 1.52184, 0.0480662, 0.589327, -0.588153, -0.349999, -0.320161, 1.69451, 0.000151772, -2.22279, 2.21994;
0.703652, -0.737722, -0.885531, 1.52179, 0.0480731, 0.589359, -0.588123, -0.349989, -0.320161, 1.69454, 0.000151773, -2.22279, 2.21994;
0.703652, -0.737722, -0.885531, 1.52179, 0.0480731, 0.589359, -0.588123, -0.349989, -0.320161, 1.69454, 0.000151773, -2.22279, 2.21994;
0.703652, -0.737722, -0.885531, 1.52179, 0.0480731, 0.589359, -0.588123, -0.349989, -0.320161, 1.69454, 0.000151773, -2.22279, 2.21994;
0.703652, -0.737722, -0.885531, 1.52179, 0.0480731, 0.589359, -0.588123, -0.349989, -0.320161, 1.69454, 0.000151773, -2.22279, 2.21994;
0.703652, -0.737722, -0.885531, 1.52179, 0.0480731, 0.589359, -0.588123, -0.349989, -0.320161, 1.69454, 0.000151773, -2.22279, 2.21994;
0.703652, -0.737722, -0.885531, 1.52179, 0.0480731, 0.589359, -0.588123, -0.349989, -0.320161, 1.69454, 0.000151773, -2.22279, 2.21994;
0.703652, -0.737722, -0.885531, 1.52179, 0.0480731, 0.589359, -0.588123, -0.349989, -0.320161, 1.69454, 0.000151773, -2.22279, 2.21994;
0.703652, -0.737722, -0.885531, 1.52179, 0.0480731, 0.589359, -0.588123, -0.349989, -0.320161, 1.69454, 0.000151773, -2.22279, 2.21994;
0.703652, -0.737722, -0.885531, 1.52179, 0.0480731, 0.589359, -0.588123, -0.349989, -0.320161, 1.69454, 0.000151773, -2.22279, 2.21994;
0.703652, -0.737722, -0.885531, 1.52179, 0.0480731, 0.589359, -0.588123, -0.349989, -0.320161, 1.69454, 0.000151773, -2.22279, 2.21994;
0.703652, -0.737722, -0.885531, 1.52179, 0.0480731, 0.589359, -0.588123, -0.349989, -0.320161, 1.69454, 0.000151773, -2.22279, 2.21994;
0.703652, -0.737722, -0.885531, 1.52179, 0.0480731, 0.589359, -0.588123, -0.349989, -0.320161, 1.69454, 0.000151773, -2.22279, 2.21994;
0.703652, -0.737722, -0.885531, 1.52179, 0.0480731, 0.589359, -0.588123, -0.349989, -0.320161, 1.69454, 0.000151773, -2.22279, 2.21994;
0.703652, -0.737722, -0.885531, 1.52179, 0.0480731, 0.589359, -0.588123, -0.349989, -0.320161, 1.69454, 0.000151773, -2.22279, 2.21994;
0.703652, -0.737722, -0.885531, 1.52179, 0.0480731, 0.589359, -0.588123, -0.349989, -0.320161, 1.69454, 0.000151773, -2.22279, 2.21994;
0.703652, -0.737722, -0.885531, 1.52179, 0.0480731, 0.589359, -0.588123, -0.349989, -0.320161, 1.69454, 0.000151773, -2.22279, 2.21994;
0.703652, -0.737722, -0.885531, 1.52179, 0.0480731, 0.589359, -0.588123, -0.349989, -0.320161, 1.69454, 0.000151773, -2.22279, 2.21994;
0.703652, -0.737722, -0.885531, 1.52179, 0.0480731, 0.589359, -0.588123, -0.349989, -0.320161, 1.69454, 0.000151773, -2.22279, 2.21994;
0.703652, -0.737722, -0.885531, 1.52179, 0.0480731, 0.589359, -0.588123, -0.349989, -0.320161, 1.69454, 0.000151773, -2.22279, 2.21994;
0.703652, -0.737722, -0.885531, 1.52179, 0.0480731, 0.589359, -0.588123, -0.349989, -0.320161, 1.69454, 0.000151773, -2.22279, 2.21994;
0.703652, -0.737722, -0.885531, 1.52179, 0.0480731, 0.589359, -0.588123, -0.349989, -0.320161, 1.69454, 0.000151773, -2.22279, 2.21994;
0.703652, -0.737722, -0.885531, 1.52179, 0.0480731, 0.589359, -0.588123, -0.349989, -0.320161, 1.69454, 0.000151773, -2.22279, 2.21994;
0.703652, -0.737722, -0.885531, 1.52179, 0.0480731, 0.589359, -0.588123, -0.349989, -0.320161, 1.69454, 0.000151773, -2.22279, 2.21994;
0.703652, -0.737722, -0.885531, 1.52179, 0.0480731, 0.589359, -0.588123, -0.349989, -0.320161, 1.69454, 0.000151773, -2.22279, 2.21994;
0.703652, -0.737722, -0.885531, 1.52179, 0.0480731, 0.589359, -0.588123, -0.349989, -0.320161, 1.69454, 0.000151773, -2.22279, 2.21994;
0.703652, -0.737722, -0.885531, 1.52179, 0.0480731, 0.589359, -0.588123, -0.349989, -0.320161, 1.69454, 0.000151773, -2.22279, 2.21994;
0.703652, -0.737722, -0.885531, 1.52179, 0.0480731, 0.589359, -0.588123, -0.349989, -0.320161, 1.69454, 0.000151773, -2.22279, 2.21994;
0.703652, -0.737722, -0.885531, 1.52179, 0.0480731, 0.589359, -0.588123, -0.349989, -0.320161, 1.69454, 0.000151773, -2.22279, 2.21994;
0.703652, -0.737722, -0.885531, 1.52179, 0.0480731, 0.589359, -0.588123, -0.349989, -0.320161, 1.69454, 0.000151773, -2.22279, 2.21994;
0.703652, -0.737722, -0.885531, 1.52179, 0.0480731, 0.589359, -0.588123, -0.349989, -0.320161, 1.69454, 0.000151773, -2.22279, 2.21994;
0.703652, -0.737722, -0.885531, 1.52179, 0.0480731, 0.589359, -0.588123, -0.349989, -0.320161, 1.69454, 0.000151773, -2.22279, 2.21994;
0.703652, -0.737722, -0.885531, 1.52179, 0.0480731, 0.589359, -0.588123, -0.349989, -0.320161, 1.69454, 0.000151773, -2.22279, 2.21994;
0.703652, -0.737722, -0.885531, 1.52179, 0.0480731, 0.589359, -0.588123, -0.349989, -0.320161, 1.69454, 0.000151773, -2.22279, 2.21994;
0.703652, -0.737722, -0.885531, 1.52179, 0.0480731, 0.589359, -0.588123, -0.349989, -0.320161, 1.69454, 0.000151773, -2.22279, 2.21994;
0.703652, -0.737722, -0.885531, 1.52179, 0.0480731, 0.589359, -0.588123, -0.349989, -0.320161, 1.69454, 0.000151773, -2.22279, 2.21994;
0.703652, -0.737722, -0.885531, 1.52179, 0.0480731, 0.589359, -0.588123, -0.349989, -0.320161, 1.69454, 0.000151773, -2.22279, 2.21994;
0.703652, -0.737722, -0.885531, 1.52179, 0.0480731, 0.589359, -0.588123, -0.349989, -0.320161, 1.69454, 0.000151773, -2.22279, 2.21994;
0.703652, -0.737722, -0.885531, 1.52179, 0.0480731, 0.589359, -0.588123, -0.349989, -0.320161, 1.69454, 0.000151773, -2.22279, 2.21994;
0.703652, -0.737722, -0.885531, 1.52179, 0.0480731, 0.589359, -0.588123, -0.349989, -0.320161, 1.69454, 0.000151773, -2.22279, 2.21994;
0.703652, -0.737722, -0.885531, 1.52179, 0.0480731, 0.589359, -0.588123, -0.349989, -0.320161, 1.69454, 0.000151773, -2.22279, 2.21994;
0.703652, -0.737722, -0.885531, 1.52179, 0.0480731, 0.589359, -0.588123, -0.349989, -0.320161, 1.69454, 0.000151773, -2.22279, 2.21994;
0.703652, -0.737722, -0.885531, 1.52179, 0.0480731, 0.589359, -0.588123, -0.349989, -0.320161, 1.69454, 0.000151773, -2.22279, 2.21994;
0.703652, -0.737722, -0.885531, 1.52179, 0.0480731, 0.589359, -0.588123, -0.349989, -0.320161, 1.69454, 0.000151773, -2.22279, 2.21994;
0.703652, -0.737722, -0.885531, 1.52179, 0.0480731, 0.589359, -0.588123, -0.349989, -0.320161, 1.69454, 0.000151773, -2.22279, 2.21994;
0.703652, -0.737722, -0.885531, 1.52179, 0.0480731, 0.589359, -0.588123, -0.349989, -0.320161, 1.69454, 0.000151773, -2.22279, 2.21994;
0.703652, -0.737722, -0.885531, 1.52179, 0.0480731, 0.589359, -0.588123, -0.349989, -0.320161, 1.69454, 0.000151773, -2.22279, 2.21994;
0.703652, -0.737722, -0.885531, 1.52179, 0.0480731, 0.589359, -0.588123, -0.349989, -0.320161, 1.69454, 0.000151773, -2.22279, 2.21994;
0.703652, -0.737722, -0.885531, 1.52179, 0.0480731, 0.589359, -0.588123, -0.349989, -0.320161, 1.69454, 0.000151773, -2.22279, 2.21994;
0.703652, -0.737722, -0.885531, 1.52179, 0.0480731, 0.589359, -0.588123, -0.349989, -0.320161, 1.69454, 0.000151773, -2.22279, 2.21994;
0.703652, -0.737722, -0.885531, 1.52179, 0.0480731, 0.589359, -0.588123, -0.349989, -0.320161, 1.69454, 0.000151773, -2.22279, 2.21994;
0.703652, -0.737722, -0.885531, 1.52179, 0.0480731, 0.589359, -0.588123, -0.349989, -0.320161, 1.69454, 0.000151773, -2.22279, 2.21994;
0.703652, -0.737722, -0.885531, 1.52179, 0.0480731, 0.589359, -0.588123, -0.349989, -0.320161, 1.69454, 0.000151773, -2.22279, 2.21994;
0.703652, -0.737722, -0.885531, 1.52179, 0.0480731, 0.589359, -0.588123, -0.349989, -0.320161, 1.69454, 0.000151773, -2.22279, 2.21994;
0.703652, -0.737722, -0.885531, 1.52179, 0.0480731, 0.589359, -0.588123, -0.349989, -0.320161, 1.69454, 0.000151773, -2.22279, 2.21994;
0.703652, -0.737722, -0.885531, 1.52179, 0.0480731, 0.589359, -0.588123, -0.349989, -0.320161, 1.69454, 0.000151773, -2.22279, 2.21994;
0.703652, -0.737722, -0.885531, 1.52179, 0.0480731, 0.589359, -0.588123, -0.349989, -0.320161, 1.69454, 0.000151773, -2.22279, 2.21994;
0.703652, -0.737722, -0.885531, 1.52179, 0.0480731, 0.589359, -0.588123, -0.349989, -0.320161, 1.69454, 0.000151773, -2.22279, 2.21994;
0.703652, -0.737722, -0.885531, 1.52179, 0.0480731, 0.589359, -0.588123, -0.349989, -0.320161, 1.69454, 0.000151773, -2.22279, 2.21994;
0.703652, -0.737722, -0.885531, 1.52179, 0.0480731, 0.589359, -0.588123, -0.349989, -0.320161, 1.69454, 0.000151773, -2.22279, 2.21994;
0.703652, -0.737722, -0.885531, 1.52179, 0.0480731, 0.589359, -0.588123, -0.349989, -0.320161, 1.69454, 0.000151773, -2.22279, 2.21994;
0.703652, -0.737722, -0.885531, 1.52179, 0.0480731, 0.589359, -0.588123, -0.349989, -0.320161, 1.69454, 0.000151773, -2.22279, 2.21994;
0.703652, -0.737722, -0.885531, 1.52179, 0.0480731, 0.589359, -0.588123, -0.349989, -0.320161, 1.69454, 0.000151773, -2.22279, 2.21994;
0.703652, -0.737722, -0.885531, 1.52179, 0.0480731, 0.589359, -0.588123, -0.349989, -0.320161, 1.69454, 0.000151773, -2.22279, 2.21994;
0.703652, -0.737722, -0.885531, 1.52179, 0.0480731, 0.589359, -0.588123, -0.349989, -0.320161, 1.69454, 0.000151773, -2.22279, 2.21994;
0.703652, -0.737722, -0.885531, 1.52179, 0.0480731, 0.589359, -0.588123, -0.349989, -0.320161, 1.69454, 0.000151773, -2.22279, 2.21994;
0.703652, -0.737722, -0.885531, 1.52179, 0.0480731, 0.589359, -0.588123, -0.349989, -0.320161, 1.69454, 0.000151773, -2.22279, 2.21994;
0.703652, -0.737722, -0.885531, 1.52179, 0.0480731, 0.589359, -0.588123, -0.349989, -0.320161, 1.69454, 0.000151773, -2.22279, 2.21994;
0.703652, -0.737722, -0.885531, 1.52179, 0.0480731, 0.589359, -0.588123, -0.349989, -0.320161, 1.69454, 0.000151773, -2.22279, 2.21994;
0.703652, -0.737722, -0.885531, 1.52179, 0.0480731, 0.589359, -0.588123, -0.349989, -0.320161, 1.69454, 0.000151773, -2.22279, 2.21994;
0.703652, -0.737722, -0.885531, 1.52179, 0.0480731, 0.589359, -0.588123, -0.349989, -0.320161, 1.69454, 0.000151773, -2.22279, 2.21994;
0.703652, -0.737722, -0.885531, 1.52179, 0.0480731, 0.589359, -0.588123, -0.349989, -0.320161, 1.69454, 0.000151773, -2.22279, 2.21994;
0.703652, -0.737722, -0.885531, 1.52179, 0.0480731, 0.589359, -0.588123, -0.349989, -0.320161, 1.69454, 0.000151773, -2.22279, 2.21994;
0.703652, -0.737722, -0.885531, 1.52179, 0.0480731, 0.589359, -0.588123, -0.349989, -0.320161, 1.69454, 0.000151773, -2.22279, 2.21994;
0.703652, -0.737722, -0.885531, 1.52179, 0.0480731, 0.589359, -0.588123, -0.349989, -0.320161, 1.69454, 0.000151773, -2.22279, 2.21994;
0.703652, -0.737722, -0.885531, 1.52179, 0.0480731, 0.589359, -0.588123, -0.349989, -0.320161, 1.69454, 0.000151773, -2.22279, 2.21994;
0.703652, -0.737722, -0.885531, 1.52179, 0.0480731, 0.589359, -0.588123, -0.349989, -0.320161, 1.69454, 0.000151773, -2.22279, 2.21994;
0.703652, -0.737722, -0.885531, 1.52179, 0.0480731, 0.589359, -0.588123, -0.349989, -0.320161, 1.69454, 0.000151773, -2.22279, 2.21994;
0.703652, -0.737722, -0.885531, 1.52179, 0.0480731, 0.589359, -0.588123, -0.349989, -0.320161, 1.69454, 0.000151773, -2.22279, 2.21994;
0.703652, -0.737722, -0.885531, 1.52179, 0.0480731, 0.589359, -0.588123, -0.349989, -0.320161, 1.69454, 0.000151773, -2.22279, 2.21994;
0.703652, -0.737722, -0.885531, 1.52179, 0.0480731, 0.589359, -0.588123, -0.349989, -0.320161, 1.69454, 0.000151773, -2.22279, 2.21994;
0.703652, -0.737722, -0.885531, 1.52179, 0.0480731, 0.589359, -0.588123, -0.349989, -0.320161, 1.69454, 0.000151773, -2.22279, 2.21994;
0.703652, -0.737722, -0.885531, 1.52179, 0.0480731, 0.589359, -0.588123, -0.349989, -0.320161, 1.69454, 0.000151773, -2.22279, 2.21994;
0.703652, -0.737722, -0.885531, 1.52179, 0.0480731, 0.589359, -0.588123, -0.349989, -0.320161, 1.69454, 0.000151773, -2.22279, 2.21994;
0.703652, -0.737722, -0.885531, 1.52179, 0.0480731, 0.589359, -0.588123, -0.349989, -0.320161, 1.69454, 0.000151773, -2.22279, 2.21994;
0.703652, -0.737722, -0.885531, 1.52179, 0.0480731, 0.589359, -0.588123, -0.349989, -0.320161, 1.69454, 0.000151773, -2.22279, 2.21994;
0.703652, -0.737722, -0.885531, 1.52179, 0.0480731, 0.589359, -0.588123, -0.349989, -0.320161, 1.69454, 0.000151773, -2.22279, 2.21994;
0.703652, -0.737722, -0.885531, 1.52179, 0.0480731, 0.589359, -0.588123, -0.349989, -0.320161, 1.69454, 0.000151773, -2.22279, 2.21994;
0.703652, -0.737722, -0.885531, 1.52179, 0.0480731, 0.589359, -0.588123, -0.349989, -0.320161, 1.69454, 0.000151773, -2.22279, 2.21994;
0.703652, -0.737722, -0.885531, 1.52179, 0.0480731, 0.589359, -0.588123, -0.349989, -0.320161, 1.69454, 0.000151773, -2.22279, 2.21994;
0.703652, -0.737722, -0.885531, 1.52179, 0.0480731, 0.589359, -0.588123, -0.349989, -0.320161, 1.69454, 0.000151773, -2.22279, 2.21994;
0.703652, -0.737722, -0.885531, 1.52179, 0.0480731, 0.589359, -0.588123, -0.349989, -0.320161, 1.69454, 0.000151773, -2.22279, 2.21994;
0.703652, -0.737722, -0.885531, 1.52179, 0.0480731, 0.589359, -0.588123, -0.349989, -0.320161, 1.69454, 0.000151773, -2.22279, 2.21994;
0.703652, -0.737722, -0.885531, 1.52179, 0.0480731, 0.589359, -0.588123, -0.349989, -0.320161, 1.69454, 0.000151773, -2.22279, 2.21994;
0.703652, -0.737722, -0.885531, 1.52179, 0.0480731, 0.589359, -0.588123, -0.349989, -0.320161, 1.69454, 0.000151773, -2.22279, 2.21994;
0.703652, -0.737722, -0.885531, 1.52179, 0.0480731, 0.589359, -0.588123, -0.349989, -0.320161, 1.69454, 0.000151773, -2.22279, 2.21994;
0.703652, -0.737722, -0.885531, 1.52179, 0.0480731, 0.589359, -0.588123, -0.349989, -0.320161, 1.69454, 0.000151773, -2.22279, 2.21994;
0.703652, -0.737722, -0.885531, 1.52179, 0.0480731, 0.589359, -0.588123, -0.349989, -0.320161, 1.69454, 0.000151773, -2.22279, 2.21994;
0.703652, -0.737722, -0.885531, 1.52179, 0.0480731, 0.589359, -0.588123, -0.349989, -0.320161, 1.69454, 0.000151773, -2.22279, 2.21994;
0.703652, -0.737722, -0.885531, 1.52179, 0.0480731, 0.589359, -0.588123, -0.349989, -0.320161, 1.69454, 0.000151773, -2.22279, 2.21994;
0.703652, -0.737722, -0.885531, 1.52179, 0.0480731, 0.589359, -0.588123, -0.349989, -0.320161, 1.69454, 0.000151773, -2.22279, 2.21994;
0.697788, -0.734254, -0.878553, 1.52348, 0.0488636, 0.588389, -0.583004, -0.346479, -0.32018, 1.69602, 0.0001518, -2.22282, 2.21992;
0.691936, -0.730772, -0.871551, 1.52501, 0.0496262, 0.587511, -0.577848, -0.342983, -0.320198, 1.69753, 0.000151893, -2.22286, 2.21989;
0.686062, -0.727308, -0.864497, 1.52648, 0.050356, 0.58667, -0.572661, -0.339486, -0.320216, 1.69904, 0.000151993, -2.22289, 2.21987;
0.680165, -0.723861, -0.857393, 1.52789, 0.0510522, 0.585865, -0.567443, -0.335989, -0.320235, 1.70055, 0.000152094, -2.22293, 2.21985;
0.674245, -0.720433, -0.850238, 1.52922, 0.0517139, 0.585098, -0.562192, -0.332493, -0.320253, 1.70206, 0.000152193, -2.22296, 2.21983;
0.668303, -0.717023, -0.843032, 1.5305, 0.0523404, 0.584367, -0.55691, -0.328996, -0.320272, 1.70357, 0.000152287, -2.223, 2.21981;
0.662339, -0.713632, -0.835777, 1.53171, 0.0529308, 0.583673, -0.551594, -0.3255, -0.32029, 1.70508, 0.00015237, -2.22303, 2.21979;
0.656354, -0.71026, -0.828473, 1.53285, 0.0534845, 0.583016, -0.546246, -0.322004, -0.320309, 1.70659, 0.00015244, -2.22306, 2.21977;
0.650347, -0.706907, -0.821119, 1.53394, 0.0540006, 0.582396, -0.540865, -0.318507, -0.320327, 1.70811, 0.000152493, -2.2231, 2.21975;
0.644319, -0.703575, -0.813717, 1.53495, 0.0544784, 0.581812, -0.535451, -0.315011, -0.320346, 1.70962, 0.000152523, -2.22313, 2.21973;
0.638271, -0.700262, -0.806267, 1.5359, 0.0549172, 0.581265, -0.530003, -0.311515, -0.320364, 1.71113, 0.000152526, -2.22317, 2.21971;
0.632203, -0.69697, -0.798769, 1.53679, 0.0553161, 0.580755, -0.524522, -0.308018, -0.320383, 1.71264, -0.000152498, 2.22319, -2.21968;
0.626115, -0.693699, -0.791224, 1.53762, 0.0556744, 0.580282, -0.519007, -0.304522, -0.320401, 1.71415, -0.000152434, 2.22321, -2.21965;
0.620008, -0.690448, -0.783632, 1.53837, 0.0559915, 0.579845, -0.513458, -0.301026, -0.32042, 1.71566, -0.00015233, 2.22323, -2.21961;
0.613882, -0.687219, -0.775995, 1.53907, 0.0562666, 0.579446, -0.507874, -0.297529, -0.320438, 1.71717, -0.000152181, 2.22325, -2.21958;
0.607738, -0.68401, -0.768312, 1.5397, 0.0564991, 0.579082, -0.502256, -0.294033, -0.320456, 1.71868, -0.000151982, 2.22327, -2.21954;
0.601577, -0.680824, -0.760584, 1.54026, 0.0566883, 0.578756, -0.496604, -0.290537, -0.320475, 1.72019, -0.000151729, 2.22329, -2.21951;
0.595399, -0.677659, -0.752813, 1.54076, 0.0568335, 0.578466, -0.490917, -0.287041, -0.320493, 1.7217, -0.000151416, 2.22331, -2.21948;
0.589204, -0.674516, -0.744998, 1.5412, 0.0569341, 0.578213, -0.485196, -0.283545, -0.320511, 1.72321, -0.000151038, 2.22333, -2.21944;
0.582994, -0.671395, -0.73714, 1.54157, 0.0569895, 0.577996, -0.47944, -0.280048, -0.32053, 1.72472, -0.000150591, 2.22335, -2.21941;
0.576768, -0.668296, -0.72924, 1.54188, 0.0569991, 0.577816, -0.473649, -0.276552, -0.320548, 1.72623, -0.000150069, 2.22337, -2.21938;
0.570528, -0.665219, -0.721299, 1.54213, 0.0569622, 0.577673, -0.467823, -0.273056, -0.320566, 1.72774, -0.000149467, 2.22339, -2.21934;
0.564275, -0.662164, -0.713317, 1.5423, 0.0568784, 0.577566, -0.461962, -0.26956, -0.320584, 1.72925, -0.000148779, 2.2234, -2.21931;
0.558008, -0.659132, -0.705296, 1.54242, 0.0567471, 0.577496, -0.456067, -0.266064, -0.320602, 1.73076, -0.000148, 2.22342, -2.21928;
0.55173, -0.656123, -0.697235, 1.54247, 0.0565679, 0.577462, -0.450137, -0.262568, -0.32062, 1.73227, -0.000147124, 2.22344, -2.21924;
0.545439, -0.653135, -0.689137, 1.54246, 0.0563401, 0.577465, -0.444172, -0.259071, -0.320638, 1.73378, -0.000146146, 2.22346, -2.21921;
0.539138, -0.65017, -0.681001, 1.54238, 0.0560634, 0.577504, -0.438173, -0.255575, -0.320656, 1.73529, -0.000145061, 2.22347, -2.21918;
0.532827, -0.647228, -0.672828, 1.54224, 0.0557373, 0.57758, -0.432139, -0.252079, -0.320674, 1.7368, -0.000143862, 2.22349, -2.21914;
0.526507, -0.644307, -0.66462, 1.54203, 0.0553614, 0.577693, -0.426071, -0.248583, -0.320691, 1.73831, -0.000142544, 2.22351, -2.21911;
0.520178, -0.641409, -0.656377, 1.54176, 0.0549353, 0.577842, -0.419968, -0.245087, -0.320709, 1.73982, -0.000141101, 2.22353, -2.21908;
0.513842, -0.638533, -0.6481, 1.54143, 0.0544587, 0.578027, -0.413832, -0.241591, -0.320726, 1.74133, -0.000139527, 2.22354, -2.21905;
0.507499, -0.635679, -0.63979, 1.54103, 0.0539311, 0.578249, -0.407661, -0.238094, -0.320744, 1.74284, -0.000137816, 2.22356, -2.21901;
0.501149, -0.632847, -0.631448, 1.54057, 0.0533524, 0.578508, -0.401457, -0.234598, -0.320761, 1.74435, -0.000135963, 2.22358, -2.21898;
0.494795, -0.630037, -0.623075, 1.54004, 0.0527221, 0.578803, -0.39522, -0.231102, -0.320778, 1.74586, -0.000133961, 2.22359, -2.21895;
0.488436, -0.627249, -0.614671, 1.53945, 0.0520401, 0.579135, -0.38895, -0.227606, -0.320796, 1.74737, -0.000131805, 2.22361, -2.21892;
0.482074, -0.624481, -0.606238, 1.5388, 0.0513061, 0.579503, -0.382646, -0.224109, -0.320813, 1.74888, -0.000129488, 2.22362, -2.21889;
0.475709, -0.621735, -0.597777, 1.53808, 0.0505199, 0.579908, -0.376311, -0.220613, -0.32083, 1.75039, -0.000127004, 2.22364, -2.21886;
0.469342, -0.61901, -0.589288, 1.5373, 0.0496813, 0.580349, -0.369943, -0.217117, -0.320846, 1.7519, -0.000124347, 2.22365, -2.21883;
0.462975, -0.616305, -0.580772, 1.53645, 0.0487902, 0.580827, -0.363543, -0.213621, -0.320863, 1.75341, -0.000121511, 2.22367, -2.21879;
0.456607, -0.613621, -0.572231, 1.53554, 0.0478465, 0.581342, -0.357113, -0.210124, -0.32088, 1.75492, -0.000118491, 2.22368, -2.21876;
0.45024, -0.610956, -0.563664, 1.53456, 0.0468499, 0.581893, -0.350651, -0.206628, -0.320896, 1.75642, -0.000115278, 2.2237, -2.21873;
0.443875, -0.608312, -0.555074, 1.53352, 0.0458005, 0.582481, -0.344158, -0.203132, -0.320912, 1.75793, -0.000111869, 2.22371, -2.2187;
0.437512, -0.605686, -0.546462, 1.53242, 0.0446982, 0.583106, -0.337636, -0.199635, -0.320928, 1.75944, -0.000108255, 2.22372, -2.21867;
0.431152, -0.60308, -0.537827, 1.53125, 0.0435429, 0.583768, -0.331084, -0.196139, -0.320944, 1.76095, -0.000104432, 2.22374, -2.21864;
0.424796, -0.600492, -0.529171, 1.53002, 0.0423347, 0.584466, -0.324503, -0.192642, -0.32096, 1.76246, -0.000100392, 2.22375, -2.21861;
0.418445, -0.597922, -0.520495, 1.52873, 0.0410735, 0.585201, -0.317893, -0.189146, -0.320976, 1.76397, -9.61293e-05, 2.22376, -2.21858;
0.4121, -0.595371, -0.511799, 1.52737, 0.0397593, 0.585972, -0.311256, -0.185649, -0.320992, 1.76548, -9.16386e-05, 2.22378, -2.21856;
0.405761, -0.592836, -0.503085, 1.52595, 0.0383924, 0.586781, -0.304591, -0.182153, -0.321007, 1.76698, -8.69123e-05, 2.22379, -2.21853;
0.399429, -0.590318, -0.494354, 1.52446, 0.0369726, 0.587627, -0.297899, -0.178656, -0.321023, 1.76849, -8.19444e-05, 2.2238, -2.2185;
0.393105, -0.587817, -0.485606, 1.52291, 0.0355001, 0.588509, -0.29118, -0.17516, -0.321038, 1.77, -7.67288e-05, 2.22381, -2.21847;
0.38679, -0.585331, -0.476842, 1.52129, 0.033975, 0.589429, -0.284436, -0.171663, -0.321053, 1.77151, -7.12591e-05, 2.22382, -2.21844;
0.380485, -0.582861, -0.468063, 1.51961, 0.0323975, 0.590386, -0.277667, -0.168167, -0.321068, 1.77301, -6.55289e-05, 2.22383, -2.21841;
0.37419, -0.580405, -0.45927, 1.51787, 0.0307676, 0.591379, -0.270874, -0.16467, -0.321082, 1.77452, -5.95318e-05, 2.22384, -2.21839;
0.367905, -0.577964, -0.450463, 1.51606, 0.0290855, 0.59241, -0.264057, -0.161173, -0.321097, 1.77603, -5.32616e-05, 2.22386, -2.21836;
0.361633, -0.575537, -0.441644, 1.51419, 0.0273514, 0.593478, -0.257216, -0.157677, -0.321111, 1.77754, -4.67117e-05, 2.22387, -2.21833;
0.355372, -0.573123, -0.432812, 1.51225, 0.0255655, 0.594584, -0.250353, -0.15418, -0.321126, 1.77904, -3.98758e-05, 2.22388, -2.2183;
0.349125, -0.570721, -0.42397, 1.51025, 0.0237279, 0.595727, -0.243469, -0.150683, -0.32114, 1.78055, -3.27475e-05, 2.22388, -2.21828;
0.342891, -0.568331, -0.415117, 1.50819, 0.0218389, 0.596907, -0.236563, -0.147186, -0.321154, 1.78206, -2.53211e-05, 2.22389, -2.21825;
0.336671, -0.565953, -0.406254, 1.50606, 0.0198987, 0.598125, -0.229637, -0.143689, -0.321168, 1.78357, -1.75885e-05, 2.2239, -2.21823;
0.330466, -0.563585, -0.397382, 1.50386, 0.0179075, 0.59938, -0.222692, -0.140192, -0.321181, 1.78507, -9.54396e-06, 2.22391, -2.2182;
0.324276, -0.561227, -0.388501, 1.50161, 0.0158655, 0.600673, -0.215727, -0.136696, -0.321195, 1.78658, -1.18102e-06, 2.22392, -2.21817;
0.318103, -0.558879, -0.379613, 1.49929, 0.0137729, 0.602004, -0.208745, -0.133199, -0.321208, 1.78809, 7.50693e-06, 2.22393, -2.21815;
0.311946, -0.55654, -0.370717, 1.4969, 0.0116301, 0.603372, -0.201745, -0.129702, -0.321221, 1.78959, 1.65265e-05, 2.22393, -2.21812;
0.305806, -0.554208, -0.361814, 1.49445, 0.00943714, 0.604779, -0.194728, -0.126205, -0.321234, 1.7911, 2.58844e-05, 2.22394, -2.2181;
0.299683, -0.551885, -0.352905, 1.49193, 0.00719437, 0.606223, -0.187695, -0.122708, -0.321247, 1.7926, 3.55873e-05, 2.22395, -2.21807;
0.293578, -0.549567, -0.343989, 1.48935, 0.004902, 0.607706, -0.180647, -0.119211, -0.321259, 1.79411, 4.56419e-05, 2.22395, -2.21805;
0.287492, -0.547256, -0.335069, 1.48671, 0.00256027, 0.609227, -0.173585, -0.115713, -0.321272, 1.79562, 5.60553e-05, 2.22396, -2.21802;
0.281424, -0.544951, -0.326143, 1.484, 0.000169417, 0.610786, -0.166509, -0.112216, -0.321284, 1.79712, 6.68341e-05, 2.22396, -2.218;
0.275376, -0.54265, -0.317213, 1.48123, -0.00227034, 0.612383, -0.15942, -0.108719, -0.321296, 1.79863, 7.79855e-05, 2.22397, -2.21798;
0.269347, -0.540353, -0.308278, 1.47839, -0.00475877, 0.614019, -0.152319, -0.105222, -0.321308, 1.80013, 8.95154e-05, 2.22397, -2.21795;
0.263338, -0.538059, -0.299339, 1.47549, -0.00729563, 0.615693, -0.145206, -0.101725, -0.32132, 1.80164, 0.000101433, 2.22398, -2.21793;
0.25735, -0.535767, -0.290397, 1.47252, -0.00988073, 0.617406, -0.138083, -0.0982274, -0.321331, 1.80314, 0.000113745, 2.22398, -2.21791;
0.251382, -0.533477, -0.281451, 1.46949, -0.0125139, 0.619158, -0.130949, -0.0947301, -0.321342, 1.80465, 0.000126459, 2.22399, -2.21788;
0.245435, -0.531189, -0.272501, 1.46639, -0.0151948, 0.620949, -0.123807, -0.0912328, -0.321354, 1.80615, 0.000139581, 2.22399, -2.21786;
0.239509, -0.5289, -0.263549, 1.46323, -0.0179234, 0.622779, -0.116656, -0.0877354, -0.321365, 1.80766, 0.00015312, 2.22399, -2.21784;
0.233604, -0.526611, -0.254593, 1.46, -0.0206995, 0.624649, -0.109498, -0.0842381, -0.321375, 1.80916, 0.000167083, 2.22399, -2.21782;
0.227721, -0.524321, -0.245634, 1.45671, -0.023523, 0.626557, -0.102332, -0.0807407, -0.321386, 1.81067, 0.00018148, 2.22399, -2.2178;
0.22186, -0.522028, -0.236673, 1.45335, -0.0263936, 0.628505, -0.0951599, -0.0772432, -0.321396, 1.81217, 0.000196316, 2.224, -2.21777;
0.216021, -0.519733, -0.227708, 1.44992, -0.0293113, 0.630493, -0.0879824, -0.0737458, -0.321407, 1.81368, 0.000211602, 2.224, -2.21775;
0.210203, -0.517434, -0.21874, 1.44643, -0.032276, 0.632521, -0.0808001, -0.0702483, -0.321417, 1.81518, 0.000227345, 2.224, -2.21773;
0.204408, -0.51513, -0.209769, 1.44288, -0.0352875, 0.634588, -0.0736136, -0.0667508, -0.321427, 1.81668, 0.000243553, 2.224, -2.21771;
0.198635, -0.512822, -0.200795, 1.43925, -0.0383458, 0.636695, -0.0664236, -0.0632532, -0.321436, 1.81819, 0.000260237, 2.224, -2.21769;
0.192884, -0.510507, -0.191817, 1.43557, -0.0414509, 0.638843, -0.0592308, -0.0597557, -0.321446, 1.81969, 0.000277406, 2.224, -2.21767;
0.187156, -0.508185, -0.182836, 1.43181, -0.0446028, 0.641031, -0.0520358, -0.0562581, -0.321455, 1.8212, 0.00029507, 2.22399, -2.21765;
0.181449, -0.505856, -0.173851, 1.42799, -0.0478014, 0.64326, -0.0448394, -0.0527605, -0.321464, 1.8227, 0.000313237, 2.22399, -2.21763;
0.175766, -0.503518, -0.164861, 1.42411, -0.0510468, 0.64553, -0.0376422, -0.0492628, -0.321473, 1.8242, 0.000331918, 2.22399, -2.21761;
0.170104, -0.501171, -0.155866, 1.42015, -0.054339, 0.64784, -0.0304448, -0.0457652, -0.321482, 1.82571, 0.000351123, 2.22399, -2.21759;
0.164465, -0.498814, -0.146867, 1.41613, -0.0576781, 0.650192, -0.0232479, -0.0422675, -0.321491, 1.82721, 0.000370864, 2.22398, -2.21757;
0.158848, -0.496446, -0.137862, 1.41205, -0.0610643, 0.652585, -0.016052, -0.0387698, -0.321499, 1.82871, 0.000391151, 2.22398, -2.21755;
0.153253, -0.494067, -0.128851, 1.40789, -0.0644976, 0.65502, -0.00885773, -0.0352721, -0.321507, 1.83022, 0.000411997, 2.22398, -2.21753;
0.147679, -0.491674, -0.119833, 1.40367, -0.0679784, 0.657496, -0.00166572, -0.0317744, -0.321515, 1.83172, 0.000433412, 2.22397, -2.21751;
0.142128, -0.489269, -0.110807, 1.39938, -0.0715067, 0.660015, 0.00552351, -0.0282766, -0.321523, 1.83322, 0.000455408, 2.22396, -2.2175;
0.136598, -0.486849, -0.101774, 1.39502, -0.0750828, 0.662576, 0.0127094, -0.0247789, -0.32153, 1.83472, 0.000478002, 2.22396, -2.21748;
0.13109, -0.484413, -0.0927321, 1.3906, -0.078707, 0.665179, 0.0198913, -0.0212811, -0.321538, 1.83622, 0.000501205, 2.22395, -2.21746;
0.125602, -0.481962, -0.0836805, 1.3861, -0.0823797, 0.667825, 0.0270688, -0.0177833, -0.321545, 1.83773, 0.000525031, 2.22395, -2.21744;
0.120136, -0.479494, -0.0746185, 1.38154, -0.0861012, 0.670514, 0.0342414, -0.0142855, -0.321552, 1.83923, 0.000549495, 2.22394, -2.21742;
0.11469, -0.477008, -0.0655451, 1.37691, -0.089872, 0.673247, 0.0414085, -0.0107877, -0.321559, 1.84073, 0.000574611, 2.22393, -2.2174;
0.109264, -0.474503, -0.0564594, 1.37221, -0.0936924, 0.676023, 0.0485697, -0.00728988, -0.321566, 1.84223, 0.000600397, 2.22392, -2.21739;
0.103858, -0.471979, -0.0473603, 1.36744, -0.097563, 0.678843, 0.0557244, -0.00379205, -0.321572, 1.84373, 0.000626869, 2.22391, -2.21737;
0.0984723, -0.469434, -0.0382466, 1.3626, -0.101484, 0.681708, 0.0628724, -0.000294212, -0.321578, 1.84524, 0.000654044, 2.2239, -2.21735;
0.0984959, -0.469427, -0.0382843, 1.36258, -0.101467, 0.681719, 0.0628413, -0.00030824, -0.321578, 1.84524, 0.000654043, 2.2239, -2.21735;
0.0984958, -0.469427, -0.0382841, 1.36258, -0.101467, 0.681719, 0.0628414, -0.000308171, -0.321578, 1.84524, 0.000654043, 2.2239, -2.21735;
0.0984958, -0.469427, -0.0382841, 1.36258, -0.101467, 0.681719, 0.0628414, -0.000308172, -0.321578, 1.84524, 0.000654043, 2.2239, -2.21735;
0.0984958, -0.469427, -0.0382841, 1.36258, -0.101467, 0.681719, 0.0628414, -0.000308172, -0.321578, 1.84524, 0.000654043, 2.2239, -2.21735;
0.0984958, -0.469427, -0.0382841, 1.36258, -0.101467, 0.681719, 0.0628414, -0.000308172, -0.321578, 1.84524, 0.000654043, 2.2239, -2.21735;
0.0984958, -0.469427, -0.0382841, 1.36258, -0.101467, 0.681719, 0.0628414, -0.000308172, -0.321578, 1.84524, 0.000654043, 2.2239, -2.21735;
0.0984958, -0.469427, -0.0382841, 1.36258, -0.101467, 0.681719, 0.0628414, -0.000308172, -0.321578, 1.84524, 0.000654043, 2.2239, -2.21735;
0.0984958, -0.469427, -0.0382841, 1.36258, -0.101467, 0.681719, 0.0628414, -0.000308172, -0.321578, 1.84524, 0.000654043, 2.2239, -2.21735;
0.0984958, -0.469427, -0.0382841, 1.36258, -0.101467, 0.681719, 0.0628414, -0.000308172, -0.321578, 1.84524, 0.000654043, 2.2239, -2.21735;
0.0984958, -0.469427, -0.0382841, 1.36258, -0.101467, 0.681719, 0.0628414, -0.000308172, -0.321578, 1.84524, 0.000654043, 2.2239, -2.21735;
0.0984958, -0.469427, -0.0382841, 1.36258, -0.101467, 0.681719, 0.0628414, -0.000308172, -0.321578, 1.84524, 0.000654043, 2.2239, -2.21735;
0.0984958, -0.469427, -0.0382841, 1.36258, -0.101467, 0.681719, 0.0628414, -0.000308172, -0.321578, 1.84524, 0.000654043, 2.2239, -2.21735;
0.0984958, -0.469427, -0.0382841, 1.36258, -0.101467, 0.681719, 0.0628414, -0.000308172, -0.321578, 1.84524, 0.000654043, 2.2239, -2.21735;
0.0984958, -0.469427, -0.0382841, 1.36258, -0.101467, 0.681719, 0.0628414, -0.000308172, -0.321578, 1.84524, 0.000654043, 2.2239, -2.21735;
0.0984958, -0.469427, -0.0382841, 1.36258, -0.101467, 0.681719, 0.0628414, -0.000308172, -0.321578, 1.84524, 0.000654043, 2.2239, -2.21735;
0.0984958, -0.469427, -0.0382841, 1.36258, -0.101467, 0.681719, 0.0628414, -0.000308172, -0.321578, 1.84524, 0.000654043, 2.2239, -2.21735;
0.0984958, -0.469427, -0.0382841, 1.36258, -0.101467, 0.681719, 0.0628414, -0.000308172, -0.321578, 1.84524, 0.000654043, 2.2239, -2.21735;
0.0984958, -0.469427, -0.0382841, 1.36258, -0.101467, 0.681719, 0.0628414, -0.000308172, -0.321578, 1.84524, 0.000654043, 2.2239, -2.21735;
0.0984958, -0.469427, -0.0382841, 1.36258, -0.101467, 0.681719, 0.0628414, -0.000308172, -0.321578, 1.84524, 0.000654043, 2.2239, -2.21735;
0.0984958, -0.469427, -0.0382841, 1.36258, -0.101467, 0.681719, 0.0628414, -0.000308172, -0.321578, 1.84524, 0.000654043, 2.2239, -2.21735;
0.0984958, -0.469427, -0.0382841, 1.36258, -0.101467, 0.681719, 0.0628414, -0.000308172, -0.321578, 1.84524, 0.000654043, 2.2239, -2.21735;
0.0984958, -0.469427, -0.0382841, 1.36258, -0.101467, 0.681719, 0.0628414, -0.000308172, -0.321578, 1.84524, 0.000654043, 2.2239, -2.21735;
0.0984958, -0.469427, -0.0382841, 1.36258, -0.101467, 0.681719, 0.0628414, -0.000308172, -0.321578, 1.84524, 0.000654043, 2.2239, -2.21735;
0.0984958, -0.469427, -0.0382841, 1.36258, -0.101467, 0.681719, 0.0628414, -0.000308172, -0.321578, 1.84524, 0.000654043, 2.2239, -2.21735;
0.0984958, -0.469427, -0.0382841, 1.36258, -0.101467, 0.681719, 0.0628414, -0.000308172, -0.321578, 1.84524, 0.000654043, 2.2239, -2.21735;
0.0984958, -0.469427, -0.0382841, 1.36258, -0.101467, 0.681719, 0.0628414, -0.000308172, -0.321578, 1.84524, 0.000654043, 2.2239, -2.21735;
0.0984958, -0.469427, -0.0382841, 1.36258, -0.101467, 0.681719, 0.0628414, -0.000308172, -0.321578, 1.84524, 0.000654043, 2.2239, -2.21735;
0.0984958, -0.469427, -0.0382841, 1.36258, -0.101467, 0.681719, 0.0628414, -0.000308172, -0.321578, 1.84524, 0.000654043, 2.2239, -2.21735;
0.0984958, -0.469427, -0.0382841, 1.36258, -0.101467, 0.681719, 0.0628414, -0.000308172, -0.321578, 1.84524, 0.000654043, 2.2239, -2.21735;
0.0984958, -0.469427, -0.0382841, 1.36258, -0.101467, 0.681719, 0.0628414, -0.000308172, -0.321578, 1.84524, 0.000654043, 2.2239, -2.21735;
0.0984958, -0.469427, -0.0382841, 1.36258, -0.101467, 0.681719, 0.0628414, -0.000308172, -0.321578, 1.84524, 0.000654043, 2.2239, -2.21735;
0.0984958, -0.469427, -0.0382841, 1.36258, -0.101467, 0.681719, 0.0628414, -0.000308172, -0.321578, 1.84524, 0.000654043, 2.2239, -2.21735;
0.0984958, -0.469427, -0.0382841, 1.36258, -0.101467, 0.681719, 0.0628414, -0.000308172, -0.321578, 1.84524, 0.000654043, 2.2239, -2.21735;
0.0984958, -0.469427, -0.0382841, 1.36258, -0.101467, 0.681719, 0.0628414, -0.000308172, -0.321578, 1.84524, 0.000654043, 2.2239, -2.21735;
0.0984958, -0.469427, -0.0382841, 1.36258, -0.101467, 0.681719, 0.0628414, -0.000308172, -0.321578, 1.84524, 0.000654043, 2.2239, -2.21735;
0.0984958, -0.469427, -0.0382841, 1.36258, -0.101467, 0.681719, 0.0628414, -0.000308172, -0.321578, 1.84524, 0.000654043, 2.2239, -2.21735;
0.0984958, -0.469427, -0.0382841, 1.36258, -0.101467, 0.681719, 0.0628414, -0.000308172, -0.321578, 1.84524, 0.000654043, 2.2239, -2.21735;
0.0984958, -0.469427, -0.0382841, 1.36258, -0.101467, 0.681719, 0.0628414, -0.000308172, -0.321578, 1.84524, 0.000654043, 2.2239, -2.21735;
0.0984958, -0.469427, -0.0382841, 1.36258, -0.101467, 0.681719, 0.0628414, -0.000308172, -0.321578, 1.84524, 0.000654043, 2.2239, -2.21735;
0.0984958, -0.469427, -0.0382841, 1.36258, -0.101467, 0.681719, 0.0628414, -0.000308172, -0.321578, 1.84524, 0.000654043, 2.2239, -2.21735;
0.0984958, -0.469427, -0.0382841, 1.36258, -0.101467, 0.681719, 0.0628414, -0.000308172, -0.321578, 1.84524, 0.000654043, 2.2239, -2.21735;
0.0984958, -0.469427, -0.0382841, 1.36258, -0.101467, 0.681719, 0.0628414, -0.000308172, -0.321578, 1.84524, 0.000654043, 2.2239, -2.21735;
0.0984958, -0.469427, -0.0382841, 1.36258, -0.101467, 0.681719, 0.0628414, -0.000308172, -0.321578, 1.84524, 0.000654043, 2.2239, -2.21735;
0.0984958, -0.469427, -0.0382841, 1.36258, -0.101467, 0.681719, 0.0628414, -0.000308172, -0.321578, 1.84524, 0.000654043, 2.2239, -2.21735;
0.0984958, -0.469427, -0.0382841, 1.36258, -0.101467, 0.681719, 0.0628414, -0.000308172, -0.321578, 1.84524, 0.000654043, 2.2239, -2.21735;
0.0984958, -0.469427, -0.0382841, 1.36258, -0.101467, 0.681719, 0.0628414, -0.000308172, -0.321578, 1.84524, 0.000654043, 2.2239, -2.21735;
0.0984958, -0.469427, -0.0382841, 1.36258, -0.101467, 0.681719, 0.0628414, -0.000308172, -0.321578, 1.84524, 0.000654043, 2.2239, -2.21735;
0.0984958, -0.469427, -0.0382841, 1.36258, -0.101467, 0.681719, 0.0628414, -0.000308172, -0.321578, 1.84524, 0.000654043, 2.2239, -2.21735;
0.0984958, -0.469427, -0.0382841, 1.36258, -0.101467, 0.681719, 0.0628414, -0.000308172, -0.321578, 1.84524, 0.000654043, 2.2239, -2.21735;
0.0984958, -0.469427, -0.0382841, 1.36258, -0.101467, 0.681719, 0.0628414, -0.000308172, -0.321578, 1.84524, 0.000654043, 2.2239, -2.21735;
0.0984958, -0.469427, -0.0382841, 1.36258, -0.101467, 0.681719, 0.0628414, -0.000308172, -0.321578, 1.84524, 0.000654043, 2.2239, -2.21735;
0.0984958, -0.469427, -0.0382841, 1.36258, -0.101467, 0.681719, 0.0628414, -0.000308172, -0.321578, 1.84524, 0.000654043, 2.2239, -2.21735;
0.0984958, -0.469427, -0.0382841, 1.36258, -0.101467, 0.681719, 0.0628414, -0.000308172, -0.321578, 1.84524, 0.000654043, 2.2239, -2.21735;
0.0984958, -0.469427, -0.0382841, 1.36258, -0.101467, 0.681719, 0.0628414, -0.000308172, -0.321578, 1.84524, 0.000654043, 2.2239, -2.21735;
0.0984958, -0.469427, -0.0382841, 1.36258, -0.101467, 0.681719, 0.0628414, -0.000308172, -0.321578, 1.84524, 0.000654043, 2.2239, -2.21735;
0.0984958, -0.469427, -0.0382841, 1.36258, -0.101467, 0.681719, 0.0628414, -0.000308172, -0.321578, 1.84524, 0.000654043, 2.2239, -2.21735;
0.0984958, -0.469427, -0.0382841, 1.36258, -0.101467, 0.681719, 0.0628414, -0.000308172, -0.321578, 1.84524, 0.000654043, 2.2239, -2.21735;
0.0984958, -0.469427, -0.0382841, 1.36258, -0.101467, 0.681719, 0.0628414, -0.000308172, -0.321578, 1.84524, 0.000654043, 2.2239, -2.21735;
0.0984958, -0.469427, -0.0382841, 1.36258, -0.101467, 0.681719, 0.0628414, -0.000308172, -0.321578, 1.84524, 0.000654043, 2.2239, -2.21735;
0.0984958, -0.469427, -0.0382841, 1.36258, -0.101467, 0.681719, 0.0628414, -0.000308172, -0.321578, 1.84524, 0.000654043, 2.2239, -2.21735;
0.0984958, -0.469427, -0.0382841, 1.36258, -0.101467, 0.681719, 0.0628414, -0.000308172, -0.321578, 1.84524, 0.000654043, 2.2239, -2.21735;
0.0984958, -0.469427, -0.0382841, 1.36258, -0.101467, 0.681719, 0.0628414, -0.000308172, -0.321578, 1.84524, 0.000654043, 2.2239, -2.21735;
0.0984958, -0.469427, -0.0382841, 1.36258, -0.101467, 0.681719, 0.0628414, -0.000308172, -0.321578, 1.84524, 0.000654043, 2.2239, -2.21735;
0.0984958, -0.469427, -0.0382841, 1.36258, -0.101467, 0.681719, 0.0628414, -0.000308172, -0.321578, 1.84524, 0.000654043, 2.2239, -2.21735;
0.0984958, -0.469427, -0.0382841, 1.36258, -0.101467, 0.681719, 0.0628414, -0.000308172, -0.321578, 1.84524, 0.000654043, 2.2239, -2.21735;
0.0984958, -0.469427, -0.0382841, 1.36258, -0.101467, 0.681719, 0.0628414, -0.000308172, -0.321578, 1.84524, 0.000654043, 2.2239, -2.21735;
0.0984958, -0.469427, -0.0382841, 1.36258, -0.101467, 0.681719, 0.0628414, -0.000308172, -0.321578, 1.84524, 0.000654043, 2.2239, -2.21735;
0.0984958, -0.469427, -0.0382841, 1.36258, -0.101467, 0.681719, 0.0628414, -0.000308172, -0.321578, 1.84524, 0.000654043, 2.2239, -2.21735;
0.0984958, -0.469427, -0.0382841, 1.36258, -0.101467, 0.681719, 0.0628414, -0.000308172, -0.321578, 1.84524, 0.000654043, 2.2239, -2.21735;
0.0984958, -0.469427, -0.0382841, 1.36258, -0.101467, 0.681719, 0.0628414, -0.000308172, -0.321578, 1.84524, 0.000654043, 2.2239, -2.21735;
0.0984958, -0.469427, -0.0382841, 1.36258, -0.101467, 0.681719, 0.0628414, -0.000308172, -0.321578, 1.84524, 0.000654043, 2.2239, -2.21735;
0.0984958, -0.469427, -0.0382841, 1.36258, -0.101467, 0.681719, 0.0628414, -0.000308172, -0.321578, 1.84524, 0.000654043, 2.2239, -2.21735;
0.0984958, -0.469427, -0.0382841, 1.36258, -0.101467, 0.681719, 0.0628414, -0.000308172, -0.321578, 1.84524, 0.000654043, 2.2239, -2.21735;
0.0984958, -0.469427, -0.0382841, 1.36258, -0.101467, 0.681719, 0.0628414, -0.000308172, -0.321578, 1.84524, 0.000654043, 2.2239, -2.21735;
0.0984958, -0.469427, -0.0382841, 1.36258, -0.101467, 0.681719, 0.0628414, -0.000308172, -0.321578, 1.84524, 0.000654043, 2.2239, -2.21735;
0.0984958, -0.469427, -0.0382841, 1.36258, -0.101467, 0.681719, 0.0628414, -0.000308172, -0.321578, 1.84524, 0.000654043, 2.2239, -2.21735;
0.0984958, -0.469427, -0.0382841, 1.36258, -0.101467, 0.681719, 0.0628414, -0.000308172, -0.321578, 1.84524, 0.000654043, 2.2239, -2.21735;
0.0984958, -0.469427, -0.0382841, 1.36258, -0.101467, 0.681719, 0.0628414, -0.000308172, -0.321578, 1.84524, 0.000654043, 2.2239, -2.21735;
0.0984958, -0.469427, -0.0382841, 1.36258, -0.101467, 0.681719, 0.0628414, -0.000308172, -0.321578, 1.84524, 0.000654043, 2.2239, -2.21735;
0.0984958, -0.469427, -0.0382841, 1.36258, -0.101467, 0.681719, 0.0628414, -0.000308172, -0.321578, 1.84524, 0.000654043, 2.2239, -2.21735;
0.0984958, -0.469427, -0.0382841, 1.36258, -0.101467, 0.681719, 0.0628414, -0.000308172, -0.321578, 1.84524, 0.000654043, 2.2239, -2.21735;
0.0984958, -0.469427, -0.0382841, 1.36258, -0.101467, 0.681719, 0.0628414, -0.000308172, -0.321578, 1.84524, 0.000654043, 2.2239, -2.21735;
0.0984958, -0.469427, -0.0382841, 1.36258, -0.101467, 0.681719, 0.0628414, -0.000308172, -0.321578, 1.84524, 0.000654043, 2.2239, -2.21735;
0.0984958, -0.469427, -0.0382841, 1.36258, -0.101467, 0.681719, 0.0628414, -0.000308172, -0.321578, 1.84524, 0.000654043, 2.2239, -2.21735;
0.0984958, -0.469427, -0.0382841, 1.36258, -0.101467, 0.681719, 0.0628414, -0.000308172, -0.321578, 1.84524, 0.000654043, 2.2239, -2.21735;
0.0984958, -0.469427, -0.0382841, 1.36258, -0.101467, 0.681719, 0.0628414, -0.000308172, -0.321578, 1.84524, 0.000654043, 2.2239, -2.21735;
0.0984958, -0.469427, -0.0382841, 1.36258, -0.101467, 0.681719, 0.0628414, -0.000308172, -0.321578, 1.84524, 0.000654043, 2.2239, -2.21735;
0.0984958, -0.469427, -0.0382841, 1.36258, -0.101467, 0.681719, 0.0628414, -0.000308172, -0.321578, 1.84524, 0.000654043, 2.2239, -2.21735;
0.0984958, -0.469427, -0.0382841, 1.36258, -0.101467, 0.681719, 0.0628414, -0.000308172, -0.321578, 1.84524, 0.000654043, 2.2239, -2.21735;
0.0984958, -0.469427, -0.0382841, 1.36258, -0.101467, 0.681719, 0.0628414, -0.000308172, -0.321578, 1.84524, 0.000654043, 2.2239, -2.21735;
0.0984958, -0.469427, -0.0382841, 1.36258, -0.101467, 0.681719, 0.0628414, -0.000308172, -0.321578, 1.84524, 0.000654043, 2.2239, -2.21735;
0.0984958, -0.469427, -0.0382841, 1.36258, -0.101467, 0.681719, 0.0628414, -0.000308172, -0.321578, 1.84524, 0.000654043, 2.2239, -2.21735;
0.0984958, -0.469427, -0.0382841, 1.36258, -0.101467, 0.681719, 0.0628414, -0.000308172, -0.321578, 1.84524, 0.000654043, 2.2239, -2.21735;
0.0984958, -0.469427, -0.0382841, 1.36258, -0.101467, 0.681719, 0.0628414, -0.000308172, -0.321578, 1.84524, 0.000654043, 2.2239, -2.21735;
0.0984958, -0.469427, -0.0382841, 1.36258, -0.101467, 0.681719, 0.0628414, -0.000308172, -0.321578, 1.84524, 0.000654043, 2.2239, -2.21735;
0.0984958, -0.469427, -0.0382841, 1.36258, -0.101467, 0.681719, 0.0628414, -0.000308172, -0.321578, 1.84524, 0.000654043, 2.2239, -2.21735;
0.0984958, -0.469427, -0.0382841, 1.36258, -0.101467, 0.681719, 0.0628414, -0.000308172, -0.321578, 1.84524, 0.000654043, 2.2239, -2.21735;
0.0984958, -0.469427, -0.0382841, 1.36258, -0.101467, 0.681719, 0.0628414, -0.000308172, -0.321578, 1.84524, 0.000654043, 2.2239, -2.21735;
0.0984958, -0.469427, -0.0382841, 1.36258, -0.101467, 0.681719, 0.0628414, -0.000308172, -0.321578, 1.84524, 0.000654043, 2.2239, -2.21735;
0.0984958, -0.469427, -0.0382841, 1.36258, -0.101467, 0.681719, 0.0628414, -0.000308172, -0.321578, 1.84524, 0.000654043, 2.2239, -2.21735;
0.104148, -0.469836, -0.0475912, 1.36257, -0.0972926, 0.681558, 0.0553616, -0.00382631, -0.321584, 1.84523, 0.000655463, 2.2239, -2.21735;
0.109781, -0.470214, -0.0568497, 1.36247, -0.0931489, 0.681457, 0.0479216, -0.0073265, -0.32159, 1.84523, 0.000656372, 2.2239, -2.21734;
0.115421, -0.470579, -0.0661065, 1.36232, -0.0890155, 0.681394, 0.0404859, -0.0108268, -0.321596, 1.84523, 0.000656985, 2.22391, -2.21734;
0.121068, -0.470931, -0.0753621, 1.36211, -0.0848926, 0.681369, 0.0330551, -0.0143271, -0.321602, 1.84523, 0.000657301, 2.22391, -2.21734;
0.126724, -0.47127, -0.0846168, 1.36185, -0.08078, 0.681382, 0.0256297, -0.0178273, -0.321608, 1.84523, 0.000657321, 2.22391, -2.21733;
0.132387, -0.471596, -0.0938711, 1.36153, -0.0766778, 0.681433, 0.0182104, -0.0213275, -0.321614, 1.84523, 0.000657048, 2.22391, -2.21733;
0.138059, -0.471909, -0.103126, 1.36115, -0.072586, 0.681523, 0.0107975, -0.0248278, -0.32162, 1.84524, 0.000656482, 2.22392, -2.21733;
0.143741, -0.472209, -0.112381, 1.36072, -0.0685045, 0.68165, 0.00339174, -0.028328, -0.321626, 1.84524, 0.000655624, 2.22392, -2.21732;
0.149432, -0.472498, -0.121637, 1.36023, -0.0644334, 0.681816, -0.0040065, -0.0318281, -0.321632, 1.84524, 0.000654476, 2.22392, -2.21732;
0.155132, -0.472773, -0.130895, 1.35968, -0.0603726, 0.682019, -0.0113967, -0.0353283, -0.321638, 1.84524, 0.000653038, 2.22392, -2.21732;
0.160843, -0.473037, -0.140155, 1.35908, -0.0563221, 0.682261, -0.0187782, -0.0388284, -0.321644, 1.84524, 0.000651313, 2.22393, -2.21732;
0.166565, -0.473288, -0.149417, 1.35843, -0.052282, 0.68254, -0.0261506, -0.0423285, -0.32165, 1.84524, 0.0006493, 2.22393, -2.21731;
0.172299, -0.473527, -0.158683, 1.35772, -0.0482522, 0.682857, -0.0335133, -0.0458286, -0.321656, 1.84524, 0.000647002, 2.22394, -2.21731;
0.178043, -0.473754, -0.167952, 1.35695, -0.0442329, 0.683212, -0.0408659, -0.0493287, -0.321662, 1.84524, 0.000644418, 2.22394, -2.21731;
0.1838, -0.47397, -0.177225, 1.35612, -0.0402239, 0.683605, -0.0482077, -0.0528288, -0.321669, 1.84524, 0.00064155, 2.22394, -2.21731;
0.18957, -0.474174, -0.186502, 1.35524, -0.0362254, 0.684035, -0.0555382, -0.0563288, -0.321675, 1.84524, 0.000638398, 2.22395, -2.2173;
0.195353, -0.474366, -0.195785, 1.35431, -0.0322374, 0.684503, -0.062857, -0.0598288, -0.321681, 1.84524, 0.000634964, 2.22395, -2.2173;
0.201149, -0.474546, -0.205073, 1.35332, -0.02826, 0.685008, -0.0701634, -0.0633288, -0.321687, 1.84524, 0.000631247, 2.22396, -2.2173;
0.206959, -0.474716, -0.214368, 1.35227, -0.0242931, 0.685551, -0.0774569, -0.0668288, -0.321694, 1.84525, 0.000627249, 2.22396, -2.2173;
0.212784, -0.474874, -0.223669, 1.35116, -0.020337, 0.686132, -0.084737, -0.0703287, -0.3217, 1.84525, 0.00062297, 2.22397, -2.2173;
0.218623, -0.475021, -0.232977, 1.35, -0.0163916, 0.68675, -0.0920032, -0.0738287, -0.321706, 1.84525, 0.00061841, 2.22397, -2.21729;
0.224479, -0.475157, -0.242292, 1.34879, -0.012457, 0.687405, -0.0992548, -0.0773286, -0.321713, 1.84525, 0.00061357, 2.22398, -2.21729;
0.23035, -0.475282, -0.251616, 1.34752, -0.00853336, 0.688097, -0.106491, -0.0808285, -0.321719, 1.84525, 0.000608451, 2.22398, -2.21729;
0.236238, -0.475396, -0.260949, 1.34619, -0.00462074, 0.688827, -0.113712, -0.0843283, -0.321725, 1.84525, 0.000603053, 2.22399, -2.21729;
0.242143, -0.4755, -0.27029, 1.3448, -0.000719263, 0.689594, -0.120917, -0.0878282, -0.321732, 1.84525, 0.000597376, 2.224, -2.21729;
0.248067, -0.475593, -0.279642, 1.34336, 0.00317096, 0.690398, -0.128105, -0.091328, -0.321738, 1.84525, 0.00059142, 2.224, -2.21729;
0.254008, -0.475676, -0.289004, 1.34186, 0.00704979, 0.69124, -0.135276, -0.0948278, -0.321745, 1.84525, 0.000585186, 2.22401, -2.21728;
0.259969, -0.475748, -0.298376, 1.34031, 0.0109171, 0.692118, -0.142429, -0.0983276, -0.321751, 1.84526, 0.000578675, 2.22402, -2.21728;
0.265949, -0.47581, -0.307761, 1.33869, 0.0147727, 0.693034, -0.149564, -0.101827, -0.321757, 1.84526, 0.000571885, 2.22402, -2.21728;
0.27195, -0.475863, -0.317157, 1.33703, 0.0186165, 0.693986, -0.156679, -0.105327, -0.321764, 1.84526, 0.000564819, 2.22403, -2.21728;
0.277972, -0.475905, -0.326566, 1.3353, 0.0224482, 0.694976, -0.163775, -0.108827, -0.32177, 1.84526, 0.000557474, 2.22404, -2.21728;
0.284015, -0.475938, -0.335989, 1.33352, 0.0262678, 0.696003, -0.170851, -0.112326, -0.321777, 1.84526, 0.000549853, 2.22405, -2.21728;
0.290081, -0.475961, -0.345425, 1.33168, 0.0300749, 0.697066, -0.177906, -0.115826, -0.321783, 1.84526, 0.000541954, 2.22405, -2.21728;
0.29617, -0.475975, -0.354876, 1.32979, 0.0338693, 0.698166, -0.18494, -0.119326, -0.32179, 1.84526, 0.000533778, 2.22406, -2.21728;
0.302283, -0.47598, -0.364342, 1.32783, 0.0376509, 0.699303, -0.191952, -0.122825, -0.321797, 1.84526, 0.000525326, 2.22407, -2.21728;
0.308421, -0.475975, -0.373824, 1.32582, 0.0414194, 0.700477, -0.198941, -0.126325, -0.321803, 1.84527, 0.000516597, 2.22408, -2.21728;
0.314584, -0.475962, -0.383322, 1.32376, 0.0451744, 0.701687, -0.205907, -0.129825, -0.32181, 1.84527, 0.00050759, 2.22409, -2.21728;
0.320774, -0.47594, -0.392838, 1.32163, 0.0489158, 0.702935, -0.21285, -0.133324, -0.321816, 1.84527, 0.000498308, 2.2241, -2.21728;
0.326991, -0.47591, -0.402371, 1.31945, 0.0526431, 0.704218, -0.219768, -0.136824, -0.321823, 1.84527, 0.000488748, 2.22411, -2.21728;
0.333236, -0.475872, -0.411923, 1.31721, 0.0563562, 0.705539, -0.226661, -0.140323, -0.32183, 1.84527, 0.000478913, 2.22411, -2.21728;
0.33951, -0.475825, -0.421494, 1.31491, 0.0600545, 0.706896, -0.233528, -0.143822, -0.321836, 1.84527, 0.000468801, 2.22412, -2.21728;
0.345814, -0.475771, -0.431085, 1.31256, 0.0637378, 0.708289, -0.240369, -0.147322, -0.321843, 1.84528, 0.000458413, 2.22413, -2.21728;
0.352149, -0.47571, -0.440696, 1.31015, 0.0674057, 0.709719, -0.247183, -0.150821, -0.32185, 1.84528, 0.000447749, 2.22414, -2.21728;
0.358515, -0.475641, -0.450329, 1.30767, 0.0710577, 0.711185, -0.25397, -0.154321, -0.321856, 1.84528, 0.000436809, 2.22415, -2.21728;
0.364915, -0.475565, -0.459984, 1.30515, 0.0746933, 0.712687, -0.260728, -0.15782, -0.321863, 1.84528, 0.000425594, 2.22416, -2.21728;
0.371349, -0.475483, -0.469662, 1.30256, 0.0783122, 0.714226, -0.267457, -0.161319, -0.32187, 1.84528, 0.000414104, 2.22418, -2.21728;
0.377818, -0.475395, -0.479364, 1.29991, 0.0819137, 0.715801, -0.274157, -0.164819, -0.321877, 1.84528, 0.00040234, 2.22419, -2.21728;
0.384323, -0.4753, -0.48909, 1.29721, 0.0854974, 0.717412, -0.280826, -0.168318, -0.321883, 1.84529, 0.000390302, 2.2242, -2.21728;
0.390865, -0.4752, -0.49884, 1.29444, 0.0890626, 0.71906, -0.287464, -0.171817, -0.32189, 1.84529, 0.000377991, 2.22421, -2.21728;
0.397446, -0.475095, -0.508617, 1.29162, 0.0926088, 0.720743, -0.29407, -0.175316, -0.321897, 1.84529, 0.000365408, 2.22422, -2.21728;
0.404067, -0.474985, -0.51842, 1.28874, 0.0961353, 0.722462, -0.300643, -0.178815, -0.321904, 1.84529, 0.000352554, 2.22423, -2.21728;
0.410728, -0.474871, -0.528251, 1.2858, 0.0996414, 0.724218, -0.307183, -0.182315, -0.321911, 1.84529, 0.000339429, 2.22425, -2.21728;
0.417432, -0.474752, -0.53811, 1.2828, 0.103126, 0.726009, -0.313688, -0.185814, -0.321918, 1.84529, 0.000326035, 2.22426, -2.21728;
0.424179, -0.474631, -0.547997, 1.27974, 0.106589, 0.727836, -0.320159, -0.189313, -0.321925, 1.8453, 0.000312374, 2.22427, -2.21728;
0.430972, -0.474506, -0.557915, 1.27662, 0.11003, 0.729698, -0.326594, -0.192812, -0.321932, 1.8453, 0.000298448, 2.22428, -2.21728;
0.43781, -0.47438, -0.567862, 1.27344, 0.113447, 0.731597, -0.332991, -0.196311, -0.32194, 1.8453, 0.000284257, 2.2243, -2.21728;
0.444697, -0.474251, -0.577841, 1.2702, 0.116839, 0.733531, -0.339351, -0.19981, -0.321947, 1.8453, 0.000269805, 2.22431, -2.21728;
0.451632, -0.474121, -0.587852, 1.2669, 0.120205, 0.7355, -0.345673, -0.203309, -0.321954, 1.84531, 0.000255095, 2.22433, -2.21728;
0.458618, -0.473991, -0.597895, 1.26353, 0.123546, 0.737505, -0.351955, -0.206808, -0.321961, 1.84531, 0.000240128, 2.22434, -2.21728;
0.465656, -0.473861, -0.607971, 1.26011, 0.126858, 0.739545, -0.358197, -0.210307, -0.321969, 1.84531, 0.000224909, 2.22436, -2.21728;
0.472748, -0.473732, -0.618082, 1.25663, 0.130142, 0.74162, -0.364397, -0.213805, -0.321976, 1.84531, 0.00020944, 2.22437, -2.21728;
0.479894, -0.473604, -0.628227, 1.25308, 0.133395, 0.743731, -0.370556, -0.217304, -0.321984, 1.84532, 0.000193726, 2.22439, -2.21728;
0.487098, -0.473479, -0.638407, 1.24947, 0.136618, 0.745876, -0.37667, -0.220803, -0.321991, 1.84532, 0.000177772, 2.2244, -2.21728;
0.49436, -0.473357, -0.648624, 1.2458, 0.139807, 0.748057, -0.38274, -0.224302, -0.321999, 1.84532, 0.000161582, 2.22442, -2.21728;
0.501682, -0.473239, -0.658876, 1.24207, 0.142963, 0.750272, -0.388765, -0.227801, -0.322007, 1.84532, 0.000145162, 2.22444, -2.21728;
0.509066, -0.473127, -0.669166, 1.23827, 0.146083, 0.752522, -0.394743, -0.231299, -0.322015, 1.84533, 0.000128519, 2.22445, -2.21728;
0.516513, -0.47302, -0.679493, 1.23441, 0.149166, 0.754806, -0.400673, -0.234798, -0.322023, 1.84533, 0.000111658, 2.22447, -2.21728;
0.524025, -0.472921, -0.689857, 1.23049, 0.152209, 0.757125, -0.406555, -0.238297, -0.322031, 1.84533, 9.45876e-05, 2.22449, -2.21728;
0.531604, -0.47283, -0.70026, 1.22651, 0.155212, 0.759479, -0.412386, -0.241795, -0.32204, 1.84534, 7.7316e-05, 2.22451, -2.21728;
0.539251, -0.472748, -0.710701, 1.22246, 0.158173, 0.761866, -0.418166, -0.245294, -0.322048, 1.84534, 5.9852e-05, 2.22453, -2.21728;
0.546969, -0.472677, -0.721182, 1.21834, 0.161089, 0.764287, -0.423893, -0.248792, -0.322057, 1.84534, 4.22054e-05, 2.22454, -2.21728;
0.554758, -0.472618, -0.7317, 1.21416, 0.163959, 0.766743, -0.429567, -0.252291, -0.322065, 1.84535, 2.43871e-05, 2.22456, -2.21728;
0.562612, -0.472572, -0.742246, 1.20992, 0.166776, 0.769229, -0.435178, -0.255785, -0.322074, 1.84535, 6.45047e-06, 2.22458, -2.21728;
0.570466, -0.472541, -0.75273, 1.20566, 0.169517, 0.771725, -0.440681, -0.259247, -0.322083, 1.84536, -1.12908e-05, 2.22461, -2.21727;
0.57832, -0.472526, -0.763152, 1.20137, 0.17218, 0.774228, -0.446075, -0.262676, -0.322092, 1.84536, -2.88186e-05, 2.22463, -2.21727;
0.586174, -0.472528, -0.773511, 1.19706, 0.174765, 0.77674, -0.451362, -0.266072, -0.322101, 1.84536, -4.61194e-05, 2.22465, -2.21727;
0.594028, -0.472548, -0.783807, 1.19273, 0.177272, 0.779257, -0.456543, -0.269436, -0.32211, 1.84537, -6.318e-05, 2.22467, -2.21727;
0.601882, -0.472588, -0.794039, 1.18838, 0.179698, 0.78178, -0.461617, -0.272768, -0.322119, 1.84537, -7.99882e-05, 2.22469, -2.21726;
0.609736, -0.472647, -0.804207, 1.18401, 0.182046, 0.784309, -0.466587, -0.276068, -0.322128, 1.84538, -9.65319e-05, 2.22471, -2.21726;
0.61759, -0.472727, -0.814311, 1.17962, 0.184312, 0.786841, -0.471452, -0.279338, -0.322137, 1.84538, -0.0001128, 2.22473, -2.21726;
0.625444, -0.472829, -0.82435, 1.17521, 0.186499, 0.789377, -0.476214, -0.282576, -0.322146, 1.84538, -0.000128782, 2.22475, -2.21725;
0.633298, -0.472954, -0.834323, 1.17079, 0.188604, 0.791916, -0.480875, -0.285785, -0.322155, 1.84539, -0.000144468, 2.22477, -2.21725;
0.641152, -0.473102, -0.84423, 1.16635, 0.190628, 0.794458, -0.485434, -0.288963, -0.322165, 1.84539, -0.000159848, 2.22479, -2.21724;
0.649006, -0.473274, -0.854072, 1.1619, 0.19257, 0.797001, -0.489894, -0.292113, -0.322174, 1.84539, -0.000174914, 2.22481, -2.21724;
0.65686, -0.473472, -0.863846, 1.15743, 0.194431, 0.799546, -0.494255, -0.295233, -0.322183, 1.8454, -0.000189658, 2.22484, -2.21723;
0.664714, -0.473695, -0.873555, 1.15294, 0.19621, 0.802092, -0.49852, -0.298325, -0.322193, 1.8454, -0.000204072, 2.22486, -2.21723;
0.672568, -0.473945, -0.883196, 1.14844, 0.197906, 0.804639, -0.502688, -0.301389, -0.322202, 1.8454, -0.000218149, 2.22488, -2.21722;
0.680422, -0.474222, -0.89277, 1.14393, 0.199521, 0.807186, -0.506762, -0.304427, -0.322212, 1.84541, -0.000231882, 2.2249, -2.21722;
0.688276, -0.474527, -0.902277, 1.1394, 0.201053, 0.809733, -0.510742, -0.307437, -0.322222, 1.84541, -0.000245267, 2.22492, -2.21721;
0.69613, -0.47486, -0.911717, 1.13485, 0.202502, 0.812281, -0.514631, -0.310422, -0.322231, 1.84542, -0.000258297, 2.22494, -2.2172;
0.703984, -0.475222, -0.921089, 1.1303, 0.20387, 0.814828, -0.51843, -0.313381, -0.322241, 1.84542, -0.000270967, 2.22497, -2.21719;
0.711838, -0.475615, -0.930393, 1.12572, 0.205155, 0.817375, -0.522139, -0.316315, -0.322251, 1.84542, -0.000283274, 2.22499, -2.21719;
0.719692, -0.476037, -0.939629, 1.12114, 0.206359, 0.819922, -0.525762, -0.319225, -0.322261, 1.84542, -0.000295213, 2.22501, -2.21718;
0.727546, -0.47649, -0.948797, 1.11654, 0.20748, 0.822469, -0.529298, -0.322112, -0.322271, 1.84543, -0.000306781, 2.22503, -2.21717;
0.7354, -0.476975, -0.957898, 1.11192, 0.20852, 0.825016, -0.53275, -0.324976, -0.322281, 1.84543, -0.000317976, 2.22505, -2.21716;
0.743254, -0.477491, -0.966931, 1.10729, 0.209478, 0.827562, -0.53612, -0.327818, -0.322292, 1.84543, -0.000328793, 2.22508, -2.21715;
0.751108, -0.478039, -0.975896, 1.10264, 0.210356, 0.830108, -0.539408, -0.330638, -0.322302, 1.84544, -0.000339232, 2.2251, -2.21714;
0.758962, -0.47862, -0.984793, 1.09798, 0.211152, 0.832655, -0.542616, -0.333438, -0.322313, 1.84544, -0.000349291, 2.22512, -2.21713;
0.766816, -0.479234, -0.993622, 1.0933, 0.211868, 0.835202, -0.545746, -0.336217, -0.322323, 1.84544, -0.000358967, 2.22514, -2.21712;
0.77467, -0.479881, -1.00238, 1.0886, 0.212504, 0.83775, -0.5488, -0.338977, -0.322334, 1.84545, -0.00036826, 2.22517, -2.21711;

medium marker
100
0.0226544, -0.65, -0.0301305, 1.8, 0.00330222, 0.42, -0.0212487, -0.0105, -0.319157, 1.69343, 2.85878e-06, -2.22077, 2.22211;
0.0453139, -0.649976, -0.0602631, 1.79886, 0.00660108, 0.420728, -0.0424892, -0.0210081, -0.319266, 1.69352, 1.05848e-05, -2.22098, 2.22189;
0.0679349, -0.650155, -0.0903366, 1.79722, 0.00989249, 0.42178, -0.0636775, -0.0315124, -0.319375, 1.6936, 1.98425e-05, -2.22119, 2.22168;
0.0905128, -0.650537, -0.120338, 1.79508, 0.0131631, 0.423154, -0.0847965, -0.042017, -0.319483, 1.69369, 3.05727e-05, -2.2214, 2.22146;
0.113034, -0.651117, -0.150242, 1.79244, 0.0163985, 0.424848, -0.105821, -0.052522, -0.31959, 1.69378, 4.27456e-05, -2.2216, 2.22125;
0.135487, -0.651893, -0.180024, 1.7893, 0.0195846, 0.426861, -0.126725, -0.0630272, -0.319698, 1.69386, 5.63162e-05, -2.22181, 2.22103;
0.157859, -0.65286, -0.209661, 1.78566, 0.0227077, 0.42919, -0.147486, -0.0735327, -0.319804, 1.69395, 7.12284e-05, -2.22202, 2.22082;
0.18014, -0.654014, -0.239132, 1.78152, 0.0257548, 0.431835, -0.168079, -0.0840384, -0.319911, 1.69403, 8.74152e-05, -2.22222, 2.2206;
0.202319, -0.65535, -0.268414, 1.77689, 0.0287136, 0.434791, -0.188483, -0.0945442, -0.320016, 1.69412, 0.0001048, -2.22243, 2.22039;
0.224388, -0.656863, -0.297488, 1.77176, 0.0315723, 0.438056, -0.208676, -0.10505, -0.320121, 1.6942, 0.000123299, -2.22263, 2.22018;
0.24634, -0.658547, -0.326336, 1.76614, 0.03432, 0.441628, -0.228638, -0.115556, -0.320225, 1.69429, 0.000142819, -2.22283, 2.21997;
0.268169, -0.660397, -0.35494, 1.76003, 0.0369465, 0.445502, -0.248352, -0.126062, -0.320329, 1.69437, 0.000163261, -2.22303, 2.21976;
0.289869, -0.662407, -0.383285, 1.75342, 0.0394424, 0.449675, -0.267799, -0.136567, -0.320432, 1.69446, 0.000184521, -2.22323, 2.21955;
0.311436, -0.66457, -0.411357, 1.74633, 0.0417992, 0.454144, -0.286964, -0.147073, -0.320534, 1.69454, 0.000206491, -2.22343, 2.21934;
0.332869, -0.666881, -0.439143, 1.73876, 0.0440093, 0.458905, -0.305831, -0.157578, -0.320635, 1.69462, 0.000229059, -2.22363, 2.21913;
0.354167, -0.669334, -0.466631, 1.73069, 0.0460655, 0.463954, -0.324389, -0.168082, -0.320735, 1.69471, 0.00025211, -2.22382, 2.21891;
0.375328, -0.671923, -0.493811, 1.72214, 0.0479618, 0.469289, -0.342625, -0.178587, -0.320835, 1.69479, 0.000275529, -2.22402, 2.2187;
0.396355, -0.674643, -0.520675, 1.71312, 0.0496927, 0.474903, -0.360528, -0.18909, -0.320933, 1.69487, 0.000299198, -2.22421, 2.21849;
0.41725, -0.677487, -0.547215, 1.7036, 0.0512533, 0.480795, -0.37809, -0.199594, -0.321031, 1.69495, 0.000322999, -2.2244, 2.21828;
0.438016, -0.680451, -0.573425, 1.69361, 0.0526396, 0.486961, -0.395303, -0.210096, -0.321128, 1.69504, 0.000346814, -2.22459, 2.21807;
0.458657, -0.68353, -0.599301, 1.68314, 0.053848, 0.493396, -0.41216, -0.220598, -0.321224, 1.69512, 0.000370525, -2.22478, 2.21786;
0.479179, -0.686719, -0.624836, 1.67219, 0.0548754, 0.500098, -0.428655, -0.2311, -0.321319, 1.6952, 0.000394013, -2.22497, 2.21764;
0.499588, -0.690013, -0.65003, 1.66077, 0.0557194, 0.507064, -0.444785, -0.2416, -0.321414, 1.69528, 0.00041716, -2.22516, 2.21743;
0.51989, -0.69341, -0.674878, 1.64886, 0.0563778, 0.51429, -0.460546, -0.2521, -0.321507, 1.69536, 0.000439848, -2.22534, 2.21721;
0.540094, -0.696905, -0.69938, 1.63648, 0.0568489, 0.521773, -0.475936, -0.262599, -0.3216, 1.69545, 0.000461958, -2.22553, 2.21699;
0.560206, -0.700495, -0.723534, 1.62361, 0.0571314, 0.529511, -0.490953, -0.273098, -0.321691, 1.69553, 0.00048337, -2.22571, 2.21678;
0.580237, -0.704177, -0.747341, 1.61027, 0.0572241, 0.537502, -0.505597, -0.283595, -0.321782, 1.69561, 0.000503964, -2.2259, 2.21656;
0.600194, -0.707949, -0.770799, 1.59644, 0.0571262, 0.545745, -0.519869, -0.294092, -0.321873, 1.69569, 0.000523617, -2.22608, 2.21633;
0.620088, -0.71181, -0.79391, 1.58213, 0.0568371, 0.554236, -0.53377, -0.304588, -0.321962, 1.69578, 0.000542205, -2.22626, 2.21611;
0.639928, -0.715756, -0.816675, 1.56734, 0.0563565, 0.562976, -0.547302, -0.315083, -0.322051, 1.69586, 0.000559601, -2.22645, 2.21589;
0.659724, -0.719787, -0.839093, 1.55205, 0.0556841, 0.571963, -0.560467, -0.325577, -0.322139, 1.69594, 0.000575676, -2.22663, 2.21566;
0.679487, -0.723902, -0.861168, 1.53627, 0.0548199, 0.581198, -0.573269, -0.33607, -0.322227, 1.69603, 0.000590296, -2.22682, 2.21543;
0.69263, -0.726587, -0.875603, 1.52526, 0.0541348, 0.587615, -0.581478, -0.343038, -0.322265, 1.6962, 0.00059603, -2.2269, 2.21533;
0.692581, -0.726431, -0.875505, 1.52507, 0.054162, 0.587726, -0.581345, -0.342987, -0.322265, 1.69631, 0.00059604, -2.2269, 2.21533;
0.692582, -0.726432, -0.875506, 1.52507, 0.0541618, 0.587726, -0.581346, -0.342988, -0.322265, 1.69631, 0.00059604, -2.2269, 2.21533;
0.692582, -0.726432, -0.875506, 1.52507, 0.0541618, 0.587726, -0.581346, -0.342988, -0.322265, 1.69631, 0.00059604, -2.2269, 2.21533;
0.692582, -0.726432, -0.875506, 1.52507, 0.0541618, 0.587726, -0.581346, -0.342988, -0.322265, 1.69631, 0.00059604, -2.2269, 2.21533;
0.692582, -0.726432, -0.875506, 1.52507, 0.0541618, 0.587726, -0.581346, -0.342988, -0.322265, 1.69631, 0.00059604, -2.2269, 2.21533;
0.692582, -0.726432, -0.875506, 1.52507, 0.0541618, 0.587726, -0.581346, -0.342988, -0.322265, 1.69631, 0.00059604, -2.2269, 2.21533;
0.692582, -0.726432, -0.875506, 1.52507, 0.0541618, 0.587726, -0.581346, -0.342988, -0.322265, 1.69631, 0.00059604, -2.2269, 2.21533;
0.692582, -0.726432, -0.875506, 1.52507, 0.0541618, 0.587726, -0.581346, -0.342988, -0.322265, 1.69631, 0.00059604, -2.2269, 2.21533;
0.692582, -0.726432, -0.875506, 1.52507, 0.0541618, 0.587726, -0.581346, -0.342988, -0.322265, 1.69631, 0.00059604, -2.2269, 2.21533;
0.692582, -0.726432, -0.875506, 1.52507, 0.0541618, 0.587726, -0.581346, -0.342988, -0.322265, 1.69631, 0.00059604, -2.2269, 2.21533;
0.692582, -0.726432, -0.875506, 1.52507, 0.0541618, 0.587726, -0.581346, -0.342988, -0.322265, 1.69631, 0.00059604, -2.2269, 2.21533;
0.692582, -0.726432, -0.875506, 1.52507, 0.0541618, 0.587726, -0.581346, -0.342988, -0.322265, 1.69631, 0.00059604, -2.2269, 2.21533;
0.692582, -0.726432, -0.875506, 1.52507, 0.0541618, 0.587726, -0.581346, -0.342988, -0.322265, 1.69631, 0.00059604, -2.2269, 2.21533;
0.692582, -0.726432, -0.875506, 1.52507, 0.0541618, 0.587726, -0.581346, -0.342988, -0.322265, 1.69631, 0.00059604, -2.2269, 2.21533;
0.692582, -0.726432, -0.875506, 1.52507, 0.0541618, 0.587726, -0.581346, -0.342988, -0.322265, 1.69631, 0.00059604, -2.2269, 2.21533;
0.692582, -0.726432, -0.875506, 1.52507, 0.0541618, 0.587726, -0.581346, -0.342988, -0.322265, 1.69631, 0.00059604, -2.2269, 2.21533;
0.692582, -0.726432, -0.875506, 1.52507, 0.0541618, 0.587726, -0.581346, -0.342988, -0.322265, 1.69631, 0.00059604, -2.2269, 2.21533;
0.692582, -0.726432, -0.875506, 1.52507, 0.0541618, 0.587726, -0.581346, -0.342988, -0.322265, 1.69631, 0.00059604, -2.2269, 2.21533;
0.692582, -0.726432, -0.875506, 1.52507, 0.0541618, 0.587726, -0.581346, -0.342988, -0.322265, 1.69631, 0.00059604, -2.2269, 2.21533;
0.692582, -0.726432, -0.875506, 1.52507, 0.0541618, 0.587726, -0.581346, -0.342988, -0.322265, 1.69631, 0.00059604, -2.2269, 2.21533;
0.692582, -0.726432, -0.875506, 1.52507, 0.0541618, 0.587726, -0.581346, -0.342988, -0.322265, 1.69631, 0.00059604, -2.2269, 2.21533;
0.692582, -0.726432, -0.875506, 1.52507, 0.0541618, 0.587726, -0.581346, -0.342988, -0.322265, 1.69631, 0.00059604, -2.2269, 2.21533;
0.692582, -0.726432, -0.875506, 1.52507, 0.0541618, 0.587726, -0.581346, -0.342988, -0.322265, 1.69631, 0.00059604, -2.2269, 2.21533;
0.692582, -0.726432, -0.875506, 1.52507, 0.0541618, 0.587726, -0.581346, -0.342988, -0.322265, 1.69631, 0.00059604, -2.2269, 2.21533;
0.692582, -0.726432, -0.875506, 1.52507, 0.0541618, 0.587726, -0.581346, -0.342988, -0.322265, 1.69631, 0.00059604, -2.2269, 2.21533;
0.692582, -0.726432, -0.875506, 1.52507, 0.0541618, 0.587726, -0.581346, -0.342988, -0.322265, 1.69631, 0.00059604, -2.2269, 2.21533;
0.692582, -0.726432, -0.875506, 1.52507, 0.0541618, 0.587726, -0.581346, -0.342988, -0.322265, 1.69631, 0.00059604, -2.2269, 2.21533;
0.692582, -0.726432, -0.875506, 1.52507, 0.0541618, 0.587726, -0.581346, -0.342988, -0.322265, 1.69631, 0.00059604, -2.2269, 2.21533;
0.692582, -0.726432, -0.875506, 1.52507, 0.0541618, 0.587726, -0.581346, -0.342988, -0.322265, 1.69631, 0.00059604, -2.2269, 2.21533;
0.692582, -0.726432, -0.875506, 1.52507, 0.0541618, 0.587726, -0.581346, -0.342988, -0.322265, 1.69631, 0.00059604, -2.2269, 2.21533;
0.692582, -0.726432, -0.875506, 1.52507, 0.0541618, 0.587726, -0.581346, -0.342988, -0.322265, 1.69631, 0.00059604, -2.2269, 2.21533;
0.692582, -0.726432, -0.875506, 1.52507, 0.0541618, 0.587726, -0.581346, -0.342988, -0.322265, 1.69631, 0.00059604, -2.2269, 2.21533;
0.692582, -0.726432, -0.875506, 1.52507, 0.0541618, 0.587726, -0.581346, -0.342988, -0.322265, 1.69631, 0.00059604, -2.2269, 2.21533;
0.674728, -0.716093, -0.854065, 1.52977, 0.0563093, 0.585031, -0.565722, -0.33241, -0.322437, 1.70064, 0.000593856, -2.22721, 2.21513;
0.656983, -0.705626, -0.832397, 1.53305, 0.0581832, 0.58316, -0.549749, -0.321937, -0.322611, 1.70524, 0.000592877, -2.22752, 2.21495;
0.639049, -0.695345, -0.810295, 1.53575, 0.0597139, 0.581618, -0.533491, -0.31147, -0.322785, 1.70984, 0.0005913, -2.22783, 2.21477;
0.620927, -0.685252, -0.787758, 1.53787, 0.0608816, 0.580406, -0.516932, -0.301004, -0.322959, 1.71444, 0.000588769, -2.22814, 2.21459;
0.602631, -0.675352, -0.764802, 1.53941, 0.0616657, 0.579523, -0.500067, -0.290539, -0.323133, 1.71904, -0.000584899, 2.22845, -2.21441;
0.584175, -0.665652, -0.741443, 1.54038, 0.0620466, 0.578969, -0.482891, -0.280074, -0.323306, 1.72363, -0.000579252, 2.22861, -2.2141;
0.565577, -0.656157, -0.717699, 1.54077, 0.0620065, 0.578741, -0.465401, -0.26961, -0.323477, 1.72823, -0.000571439, 2.22878, -2.2138;
0.546856, -0.646869, -0.693589, 1.54058, 0.0615288, 0.578839, -0.447597, -0.259145, -0.323646, 1.73282, -0.000561016, 2.22893, -2.21349;
0.528031, -0.63779, -0.669135, 1.53982, 0.0605991, 0.579262, -0.429479, -0.248681, -0.323814, 1.73741, -0.000547526, 2.22909, -2.2132;
0.509125, -0.628918, -0.64436, 1.53849, 0.0592048, 0.580009, -0.411049, -0.238216, -0.323979, 1.742, -0.000530498, 2.22923, -2.2129;
0.49016, -0.620251, -0.619288, 1.53658, 0.0573356, 0.58108, -0.392311, -0.227752, -0.324142, 1.74659, -0.000509448, 2.22938, -2.21261;
0.471159, -0.611785, -0.593943, 1.53411, 0.0549832, 0.582474, -0.373273, -0.217286, -0.324301, 1.75118, -0.000483887, 2.22951, -2.21233;
0.452146, -0.603512, -0.56835, 1.53106, 0.0521419, 0.584192, -0.353942, -0.206821, -0.324457, 1.75576, -0.000453311, 2.22964, -2.21205;
0.433144, -0.595426, -0.542535, 1.52745, 0.0488078, 0.586233, -0.334329, -0.196355, -0.32461, 1.76034, -0.000417217, 2.22976, -2.21177;
0.414177, -0.587517, -0.516522, 1.52327, 0.0449793, 0.588597, -0.314445, -0.185888, -0.324758, 1.76492, -0.000375096, 2.22987, -2.21151;
0.395267, -0.579772, -0.490336, 1.51853, 0.0406567, 0.591286, -0.294305, -0.175421, -0.324903, 1.76949, -0.000326437, 2.22997, -2.21125;
0.376436, -0.572178, -0.464001, 1.51321, 0.0358422, 0.5943, -0.273924, -0.164953, -0.325043, 1.77407, -0.000270721, 2.23007, -2.21099;
0.357704, -0.564722, -0.437538, 1.50733, 0.0305392, 0.597641, -0.253318, -0.154484, -0.32518, 1.77863, -0.000207433, 2.23016, -2.21075;
0.339091, -0.557387, -0.410968, 1.50088, 0.0247527, 0.60131, -0.232505, -0.144014, -0.325311, 1.7832, -0.000136051, 2.23023, -2.21051;
0.320613, -0.550157, -0.38431, 1.49387, 0.0184883, 0.605309, -0.211504, -0.133544, -0.325438, 1.78776, -5.60498e-05, 2.2303, -2.21028;
0.302287, -0.543013, -0.35758, 1.48628, 0.0117525, 0.60964, -0.190334, -0.123073, -0.32556, 1.79232, 3.31117e-05, 2.23036, -2.21005;
0.284126, -0.535938, -0.330792, 1.47813, 0.00455198, 0.614306, -0.169015, -0.112601, -0.325677, 1.79688, 0.000131978, 2.23041, -2.20983;
0.266143, -0.528911, -0.303957, 1.46941, -0.00310669, 0.61931, -0.147568, -0.102128, -0.325789, 1.80143, 0.000241112, 2.23045, -2.20962;
0.248348, -0.521913, -0.277083, 1.46011, -0.0112172, 0.624655, -0.126011, -0.0916542, -0.325897, 1.80598, 0.000361097, 2.23047, -2.20942;
0.230748, -0.514923, -0.250177, 1.45024, -0.019774, 0.630344, -0.104365, -0.08118, -0.325999, 1.81053, 0.000492554, 2.23049, -2.20922;
0.21335, -0.50792, -0.22324, 1.4398, -0.0287726, 0.636381, -0.0826501, -0.0707052, -0.326096, 1.81507, 0.000636132, 2.23049, -2.20903;
0.196158, -0.500882, -0.196271, 1.42877, -0.0382098, 0.642771, -0.060884, -0.0602299, -0.326188, 1.81961, 0.000792526, 2.23048, -2.20885;
0.179175, -0.493788, -0.169265, 1.41716, -0.0480842, 0.649518, -0.0390852, -0.0497541, -0.326274, 1.82414, 0.000962503, 2.23046, -2.20867;
0.162399, -0.486614, -0.142213, 1.40496, -0.0583964, 0.656628, -0.0172709, -0.039278, -0.326356, 1.82867, 0.00114689, 2.23042, -2.2085;
0.145829, -0.479338, -0.115102, 1.39217, -0.0691495, 0.664106, 0.00454277, -0.0288016, -0.326432, 1.8332, 0.00134661, 2.23037, -2.20834;
0.129462, -0.471938, -0.0879159, 1.37877, -0.0803494, 0.67196, 0.0263408, -0.018325, -0.326503, 1.83772, 0.00156268, 2.2303, -2.20817;
0.113292, -0.464388, -0.060632, 1.36478, -0.0920051, 0.680196, 0.0481094, -0.00784846, -0.326568, 1.84224, 0.00179626, 2.23022, -2.20802;
0.0973115, -0.456665, -0.0332237, 1.35017, -0.104129, 0.688822, 0.0698362, 0.00262802, -0.326628, 1.84676, 0.00204867, 2.23013, -2.20786;
0.0921788, -0.45398, -0.0242545, 1.34497, -0.108226, 0.691895, 0.0768783, 0.0060516, -0.326641, 1.84832, 0.00207878, 2.23012, -2.20785;
0.0922487, -0.454001, -0.0243752, 1.345, -0.10817, 0.691873, 0.076782, 0.00600587, -0.326641, 1.84831, 0.00207878, 2.23012, -2.20785;
0.0922477, -0.454, -0.0243734, 1.345, -0.10817, 0.691874, 0.0767834, 0.00600654, -0.326641, 1.84831, 0.00207878, 2.23012, -2.20785;
0.0922477, -0.454, -0.0243735, 1.345, -0.10817, 0.691874, 0.0767834, 0.00600653, -0.326641, 1.84831, 0.00207878, 2.23012, -2.20785;
0.0922477, -0.454, -0.0243735, 1.345, -0.10817, 0.691874, 0.0767834, 0.00600653, -0.326641, 1.84831, 0.00207878, 2.23012, -2.20785;
0.0922477, -0.454, -0.0243735, 1.345, -0.10817, 0.691874, 0.0767834, 0.00600653, -0.326641, 1.84831, 0.00207878, 2.23012, -2.20785;
0.0922477, -0.454, -0.0243735, 1.345, -0.10817, 0.691874, 0.0767834, 0.00600653, -0.326641, 1.84831, 0.00207878, 2.23012, -2.20785;
0.0922477, -0.454, -0.0243735, 1.345, -0.10817, 0.691874, 0.0767834, 0.00600653, -0.326641, 1.84831, 0.00207878, 2.23012, -2.20785;
0.0922477, -0.454, -0.0243735, 1.345, -0.10817, 0.691874, 0.0767834, 0.00600653, -0.326641, 1.84831, 0.00207878, 2.23012, -2.20785;
0.0922477, -0.454, -0.0243735, 1.345, -0.10817, 0.691874, 0.0767834, 0.00600653, -0.326641, 1.84831, 0.00207878, 2.23012, -2.20785;
0.0922477, -0.454, -0.0243735, 1.345, -0.10817, 0.691874, 0.0767834, 0.00600653, -0.326641, 1.84831, 0.00207878, 2.23012, -2.20785;
0.0922477, -0.454, -0.0243735, 1.345, -0.10817, 0.691874, 0.0767834, 0.00600653, -0.326641, 1.84831, 0.00207878, 2.23012, -2.20785;
0.0922477, -0.454, -0.0243735, 1.345, -0.10817, 0.691874, 0.0767834, 0.00600653, -0.326641, 1.84831, 0.00207878, 2.23012, -2.20785;
0.0922477, -0.454, -0.0243735, 1.345, -0.10817, 0.691874, 0.0767834, 0.00600653, -0.326641, 1.84831, 0.00207878, 2.23012, -2.20785;
0.0922477, -0.454, -0.0243735, 1.345, -0.10817, 0.691874, 0.0767834, 0.00600653, -0.326641, 1.84831, 0.00207878, 2.23012, -2.20785;
0.0922477, -0.454, -0.0243735, 1.345, -0.10817, 0.691874, 0.0767834, 0.00600653, -0.326641, 1.84831, 0.00207878, 2.23012, -2.20785;
0.0922477, -0.454, -0.0243735, 1.345, -0.10817, 0.691874, 0.0767834, 0.00600653, -0.326641, 1.84831, 0.00207878, 2.23012, -2.20785;
0.0922477, -0.454, -0.0243735, 1.345, -0.10817, 0.691874, 0.0767834, 0.00600653, -0.326641, 1.84831, 0.00207878, 2.23012, -2.20785;
0.0922477, -0.454, -0.0243735, 1.345, -0.10817, 0.691874, 0.0767834, 0.00600653, -0.326641, 1.84831, 0.00207878, 2.23012, -2.20785;
0.0922477, -0.454, -0.0243735, 1.345, -0.10817, 0.691874, 0.0767834, 0.00600653, -0.326641, 1.84831, 0.00207878, 2.23012, -2.20785;
0.0922477, -0.454, -0.0243735, 1.345, -0.10817, 0.691874, 0.0767834, 0.00600653, -0.326641, 1.84831, 0.00207878, 2.23012, -2.20785;
0.0922477, -0.454, -0.0243735, 1.345, -0.10817, 0.691874, 0.0767834, 0.00600653, -0.326641, 1.84831, 0.00207878, 2.23012, -2.20785;
0.0922477, -0.454, -0.0243735, 1.345, -0.10817, 0.691874, 0.0767834, 0.00600653, -0.326641, 1.84831, 0.00207878, 2.23012, -2.20785;
0.0922477, -0.454, -0.0243735, 1.345, -0.10817, 0.691874, 0.0767834, 0.00600653, -0.326641, 1.84831, 0.00207878, 2.23012, -2.20785;
0.0922477, -0.454, -0.0243735, 1.345, -0.10817, 0.691874, 0.0767834, 0.00600653, -0.326641, 1.84831, 0.00207878, 2.23012, -2.20785;
0.0922477, -0.454, -0.0243735, 1.345, -0.10817, 0.691874, 0.0767834, 0.00600653, -0.326641, 1.84831, 0.00207878, 2.23012, -2.20785;
0.0922477, -0.454, -0.0243735, 1.345, -0.10817, 0.691874, 0.0767834, 0.00600653, -0.326641, 1.84831, 0.00207878, 2.23012, -2.20785;
0.0922477, -0.454, -0.0243735, 1.345, -0.10817, 0.691874, 0.0767834, 0.00600653, -0.326641, 1.84831, 0.00207878, 2.23012, -2.20785;
0.0922477, -0.454, -0.0243735, 1.345, -0.10817, 0.691874, 0.0767834, 0.00600653, -0.326641, 1.84831, 0.00207878, 2.23012, -2.20785;
0.0922477, -0.454, -0.0243735, 1.345, -0.10817, 0.691874, 0.0767834, 0.00600653, -0.326641, 1.84831, 0.00207878, 2.23012, -2.20785;
0.0922477, -0.454, -0.0243735, 1.345, -0.10817, 0.691874, 0.0767834, 0.00600653, -0.326641, 1.84831, 0.00207878, 2.23012, -2.20785;
0.0922477, -0.454, -0.0243735, 1.345, -0.10817, 0.691874, 0.0767834, 0.00600653, -0.326641, 1.84831, 0.00207878, 2.23012, -2.20785;
0.0922477, -0.454, -0.0243735, 1.345, -0.10817, 0.691874, 0.0767834, 0.00600653, -0.326641, 1.84831, 0.00207878, 2.23012, -2.20785;
0.097814, -0.454439, -0.0338189, 1.34509, -0.103672, 0.691634, 0.0691318, 0.00245429, -0.326649, 1.8483, 0.00208091, 2.23011, -2.20785;
0.114454, -0.455688, -0.0620085, 1.34516, -0.0902783, 0.691057, 0.0462966, -0.0081557, -0.326695, 1.84822, 0.00209637, 2.23011, -2.20783;
0.131013, -0.456669, -0.0899083, 1.34446, -0.0771095, 0.690987, 0.0237138, -0.0186551, -0.326742, 1.84823, 0.00209815, 2.23012, -2.20781;
0.147659, -0.457517, -0.117823, 1.34326, -0.0640261, 0.691265, 0.00117303, -0.0291564, -0.326789, 1.84822, 0.00209147, 2.23013, -2.2078;
0.164401, -0.458231, -0.145762, 1.34156, -0.0510282, 0.691895, -0.0213074, -0.0396571, -0.326837, 1.84822, 0.00207624, 2.23014, -2.20779;
0.18125, -0.458815, -0.173741, 1.33934, -0.038114, 0.692875, -0.0437139, -0.0501573, -0.326885, 1.84823, 0.00205254, 2.23016, -2.20778;
0.198218, -0.459271, -0.201776, 1.33662, -0.0252819, 0.694203, -0.0660328, -0.0606569, -0.326934, 1.84823, 0.00202044, 2.23019, -2.20778;
0.21532, -0.459603, -0.229882, 1.33339, -0.0125311, 0.695879, -0.0882502, -0.071156, -0.326984, 1.84823, 0.00197995, 2.23023, -2.20778;
0.23257, -0.459813, -0.258078, 1.32966, 0.000138655, 0.697901, -0.110352, -0.0816544, -0.327034, 1.84823, 0.00193111, 2.23026, -2.20778;
0.249984, -0.459905, -0.28638, 1.32541, 0.0127271, 0.700268, -0.132324, -0.0921521, -0.327084, 1.84823, 0.00187389, 2.23031, -2.20779;
0.267579, -0.45988, -0.314807, 1.32065, 0.0252329, 0.702979, -0.154151, -0.102649, -0.327134, 1.84824, 0.00180829, 2.23036, -2.2078;
0.285373, -0.459744, -0.343379, 1.31537, 0.0376543, 0.706033, -0.175819, -0.113146, -0.327185, 1.84824, 0.00173427, 2.23041, -2.20781;
0.303389, -0.459499, -0.372115, 1.30958, 0.049988, 0.709429, -0.197313, -0.123641, -0.327236, 1.84825, 0.00165178, 2.23047, -2.20782;
0.321648, -0.459149, -0.401037, 1.30327, 0.0622298, 0.713166, -0.218617, -0.134136, -0.327287, 1.84825, 0.00156075, 2.23054, -2.20784;
0.340176, -0.4587, -0.430169, 1.29644, 0.0743741, 0.717244, -0.239714, -0.14463, -0.327339, 1.84826, 0.0014611, 2.23061, -2.20786;
0.359001, -0.458156, -0.459534, 1.28909, 0.0864133, 0.721662, -0.260588, -0.155123, -0.327391, 1.84826, 0.00135277, 2.23069, -2.20789;
0.378154, -0.457525, -0.48916, 1.2812, 0.098338, 0.726418, -0.281219, -0.165615, -0.327443, 1.84827, 0.00123567, 2.23078, -2.20791;
0.397669, -0.456815, -0.519072, 1.27278, 0.110136, 0.731512, -0.301591, -0.176106, -0.327496, 1.84828, 0.00110973, 2.23087, -2.20794;
0.417584, -0.456035, -0.549299, 1.26382, 0.121792, 0.736943, -0.32168, -0.186597, -0.32755, 1.84828, 0.000974889, 2.23097, -2.20797;
0.43794, -0.455198, -0.57987, 1.25432, 0.133287, 0.74271, -0.341466, -0.197086, -0.327604, 1.84829, 0.000831134, 2.23108, -2.208;
0.458782, -0.454319, -0.610815, 1.24427, 0.144599, 0.748812, -0.360924, -0.207574, -0.32766, 1.84831, 0.000678485, 2.2312, -2.20804;
0.48016, -0.453415, -0.642163, 1.23365, 0.155698, 0.755246, -0.380028, -0.218061, -0.327718, 1.84832, 0.000517036, 2.23133, -2.20807;
0.502128, -0.452506, -0.673945, 1.22247, 0.16655, 0.762011, -0.398747, -0.228548, -0.327778, 1.84833, 0.000346981, 2.23146, -2.2081;
0.524741, -0.45162, -0.706186, 1.2107, 0.177112, 0.769104, -0.41705, -0.239033, -0.32784, 1.84835, 0.00016865, 2.23162, -2.20813;
0.548063, -0.450785, -0.738912, 1.19835, 0.187335, 0.776522, -0.434899, -0.249518, -0.327906, 1.84837, -1.7449e-05, 2.23178, -2.20816;
0.572157, -0.450039, -0.772141, 1.18539, 0.197157, 0.784261, -0.452255, -0.260001, -0.327976, 1.84839, -0.000210573, 2.23196, -2.20818;
0.597088, -0.449424, -0.805885, 1.17181, 0.206506, 0.792317, -0.469073, -0.270485, -0.328052, 1.84842, -0.000409678, 2.23215, -2.20819;
0.622924, -0.44899, -0.840146, 1.15759, 0.2153, 0.800683, -0.485304, -0.280967, -0.328134, 1.84845, -0.000613357, 2.23237, -2.20818;
0.649726, -0.448794, -0.874912, 1.14272, 0.223442, 0.809354, -0.500894, -0.29145, -0.328224, 1.84848, -0.000819755, 2.2326, -2.20817;
0.677552, -0.448901, -0.910152, 1.12716, 0.230823, 0.818323, -0.515787, -0.301933, -0.328324, 1.84852, -0.0010265, 2.23285, -2.20813;
0.706448, -0.449383, -0.945816, 1.1109, 0.237324, 0.827583, -0.529923, -0.312416, -0.328435, 1.84857, -0.00123067, 2.23313, -2.20807;
0.736446, -0.450317, -0.981827, 1.09391, 0.242818, 0.837129, -0.543244, -0.322901, -0.328559, 1.84862, -0.00142873, 2.23343, -2.20799;
0.767556, -0.451782, -1.01808, 1.07615, 0.247173, 0.846956, -0.555692, -0.333386, -0.3287, 1.84869, -0.00161659, 2.23376, -2.20787;
0.798972, -0.453809, -1.05355, 1.05804, 0.250186, 0.856813, -0.566936, -0.343617, -0.32885, 1.84876, -0.00178123, 2.23409, -2.20773;

fast marker

150
0.0706858, -0.65, -0.0940126, 1.8, 0.0103035, 0.42, -0.0662998, -0.0327132, -0.320109, 1.69204, 8.57052e-05, -2.22263, 2.22024;
0.141372, -0.650039, -0.187894, 1.7897, 0.0204768, 0.426597, -0.132227, -0.065589, -0.321159, 1.69258, 0.000307779, -2.22458, 2.21805;
0.212058, -0.651849, -0.281507, 1.77403, 0.0305326, 0.436611, -0.197606, -0.098855, -0.322204, 1.69325, 0.000585459, -2.22651, 2.21585;
0.282743, -0.655395, -0.374586, 1.753, 0.0401026, 0.449975, -0.26197, -0.132661, -0.323248, 1.69395, 0.000915565, -2.22845, 2.21361;
0.353429, -0.660537, -0.466793, 1.72632, 0.0488094, 0.466788, -0.324761, -0.167104, -0.324293, 1.69468, 0.00129585, -2.2304, 2.21132;
0.424115, -0.667112, -0.557716, 1.69368, 0.0562898, 0.487133, -0.385345, -0.202216, -0.325336, 1.69546, 0.00172043, -2.23234, 2.20894;
0.494801, -0.674956, -0.646866, 1.65484, 0.0622037, 0.511036, -0.443038, -0.237946, -0.326374, 1.6963, 0.00217848, -2.23427, 2.20646;
0.565487, -0.683922, -0.733695, 1.60969, 0.0662419, 0.538426, -0.497153, -0.274153, -0.327399, 1.69722, 0.0026533, -2.2362, 2.20387;
0.636173, -0.693909, -0.817628, 1.55826, 0.0681342, 0.569128, -0.547068, -0.310617, -0.328406, 1.6982, 0.00312187, -2.23814, 2.20116;
0.653119, -0.693259, -0.835979, 1.53883, 0.0685206, 0.580545, -0.555684, -0.318875, -0.328473, 1.70127, 0.00316898, -2.23818, 2.20101;
0.652838, -0.69311, -0.835632, 1.53889, 0.0685399, 0.580512, -0.555436, -0.318714, -0.328474, 1.70134, 0.00316898, -2.23818, 2.20101;
0.652843, -0.693113, -0.835638, 1.53889, 0.0685396, 0.580513, -0.555441, -0.318717, -0.328474, 1.70134, 0.00316898, -2.23818, 2.20101;
0.652843, -0.693113, -0.835638, 1.53889, 0.0685396, 0.580513, -0.555441, -0.318717, -0.328474, 1.70134, 0.00316898, -2.23818, 2.20101;
0.652843, -0.693113, -0.835638, 1.53889, 0.0685396, 0.580513, -0.555441, -0.318717, -0.328474, 1.70134, 0.00316898, -2.23818, 2.20101;
0.652843, -0.693113, -0.835638, 1.53889, 0.0685396, 0.580513, -0.555441, -0.318717, -0.328474, 1.70134, 0.00316898, -2.23818, 2.20101;
0.652843, -0.693113, -0.835638, 1.53889, 0.0685396, 0.580513, -0.555441, -0.318717, -0.328474, 1.70134, 0.00316898, -2.23818, 2.20101;
0.652843, -0.693113, -0.835638, 1.53889, 0.0685396, 0.580513, -0.555441, -0.318717, -0.328474, 1.70134, 0.00316898, -2.23818, 2.20101;
0.652843, -0.693113, -0.835638, 1.53889, 0.0685396, 0.580513, -0.555441, -0.318717, -0.328474, 1.70134, 0.00316898, -2.23818, 2.20101;
0.652843, -0.693113, -0.835638, 1.53889, 0.0685396, 0.580513, -0.555441, -0.318717, -0.328474, 1.70134, 0.00316898, -2.23818, 2.20101;
0.596873, -0.662901, -0.766402, 1.54917, 0.072442, 0.574606, -0.505652, -0.286577, -0.330057, 1.7133, 0.00307393, -2.24104, 2.19926;
0.535578, -0.628537, -0.687264, 1.54692, 0.0731927, 0.575948, -0.446588, -0.25169, -0.332014, 1.72897, 0.00289875, -2.2446, 2.19744;
0.473737, -0.596177, -0.604923, 1.53656, 0.0686925, 0.581886, -0.384167, -0.217125, -0.333885, 1.74515, -0.00257906, 2.24668, -2.19457;
0.411497, -0.566382, -0.519554, 1.52017, 0.0582702, 0.591187, -0.318421, -0.182593, -0.335617, 1.76123, -0.00205118, 2.24791, -2.19136;
0.349749, -0.538786, -0.431981, 1.49784, 0.0417241, 0.603802, -0.249578, -0.148039, -0.33718, 1.77722, -0.00125188, 2.24883, -2.18844;
0.289362, -0.512847, -0.343049, 1.46964, 0.0191309, 0.619734, -0.178169, -0.113461, -0.338549, 1.79309, -0.000117941, 2.24938, -2.18584;
0.230991, -0.487857, -0.253359, 1.43562, -0.00926919, 0.63905, -0.10486, -0.0788609, -0.339712, 1.80883, 0.00141604, 2.24953, -2.18356;
0.175022, -0.463002, -0.16316, 1.3957, -0.0432308, 0.661892, -0.0303497, -0.0442502, -0.340665, 1.82442, 0.003425, 2.24921, -2.18158;
0.12158, -0.437408, -0.0722613, 1.34976, -0.0826763, 0.688478, 0.0447311, -0.00964792, -0.341404, 1.83987, 0.00600597, 2.24835, -2.17987;
0.0705522, -0.410154, 0.02005, 1.29755, -0.127871, 0.719113, 0.119897, 0.024918, -0.341924, 1.85518, 0.00929851, 2.24688, -2.17835;
0.067073, -0.40653, 0.0270176, 1.29003, -0.131583, 0.723455, 0.125159, 0.0275289, -0.341976, 1.8573, 0.00933662, 2.24686, -2.17834;
0.0672187, -0.406678, 0.0267238, 1.29034, -0.131425, 0.723278, 0.124937, 0.0274189, -0.341974, 1.85722, 0.00933668, 2.24686, -2.17834;
0.0672121, -0.406672, 0.026737, 1.29033, -0.131432, 0.723286, 0.124947, 0.0274239, -0.341974, 1.85722, 0.00933668, 2.24686, -2.17834;
0.0672124, -0.406672, 0.0267364, 1.29033, -0.131431, 0.723286, 0.124947, 0.0274236, -0.341974, 1.85722, 0.00933668, 2.24686, -2.17834;
0.0672124, -0.406672, 0.0267365, 1.29033, -0.131431, 0.723286, 0.124947, 0.0274236, -0.341974, 1.85722, 0.00933668, 2.24686, -2.17834;
0.0672124, -0.406672, 0.0267365, 1.29033, -0.131431, 0.723286, 0.124947, 0.0274236, -0.341974, 1.85722, 0.00933668, 2.24686, -2.17834;
0.0672124, -0.406672, 0.0267365, 1.29033, -0.131431, 0.723286, 0.124947, 0.0274236, -0.341974, 1.85722, 0.00933668, 2.24686, -2.17834;
0.0672124, -0.406672, 0.0267365, 1.29033, -0.131431, 0.723286, 0.124947, 0.0274236, -0.341974, 1.85722, 0.00933668, 2.24686, -2.17834;
0.0672124, -0.406672, 0.0267365, 1.29033, -0.131431, 0.723286, 0.124947, 0.0274236, -0.341974, 1.85722, 0.00933668, 2.24686, -2.17834;
0.0672124, -0.406672, 0.0267365, 1.29033, -0.131431, 0.723286, 0.124947, 0.0274236, -0.341974, 1.85722, 0.00933668, 2.24686, -2.17834;
0.114199, -0.411843, -0.0621206, 1.29433, -0.0812101, 0.718511, 0.0511896, -0.00567234, -0.342177, 1.8565, 0.00977935, 2.24623, -2.17857;
0.165177, -0.414331, -0.156394, 1.29137, -0.029049, 0.718508, -0.0270817, -0.0406847, -0.342447, 1.8562, 0.00976598, 2.24583, -2.17898;
0.217574, -0.41454, -0.251441, 1.28245, 0.0223855, 0.722863, -0.104804, -0.0755923, -0.342734, 1.856, 0.00933843, 2.24568, -2.17955;
0.272004, -0.412674, -0.348366, 1.26779, 0.0735558, 0.731406, -0.181728, -0.110477, -0.34302, 1.85581, 0.0085057, 2.24573, -2.18029;
0.329184, -0.408803, -0.448201, 1.24736, 0.124712, 0.744114, -0.257386, -0.145317, -0.343292, 1.85563, 0.00724471, 2.246, -2.18125;
0.390207, -0.403014, -0.552308, 1.22111, 0.176026, 0.76099, -0.331292, -0.180095, -0.343541, 1.85546, 0.00551333, 2.2465, -2.18244;
0.456748, -0.395486, -0.662503, 1.18891, 0.227468, 0.78206, -0.402854, -0.214794, -0.343772, 1.85529, 0.00324796, 2.24729, -2.18389;
0.527434, -0.387121, -0.774885, 1.15252, 0.275812, 0.806003, -0.467581, -0.24761, -0.343998, 1.85517, 0.000670285, 2.24837, -2.18537;
0.59812, -0.37968, -0.881295, 1.11581, 0.316209, 0.829973, -0.520193, -0.276178, -0.344251, 1.85508, -0.00168336, 2.24958, -2.18648;
0.668806, -0.374378, -0.980849, 1.08002, 0.347616, 0.85276, -0.561391, -0.300869, -0.344579, 1.855, -0.00364191, 2.25087, -2.18711;
